[0, 1, 3, 5]|CSMA|-20dBm|Star	6.8375	663.482	2.23160195351
[0, 1, 2, 3, 5]|CSMA|-20dBm|Star	4.69411766667	847.673	2.8089029789
[0, 2, 3, 4, 5]|CSMA|-20dBm|Star	2.6121212	847.673	3.10087394714
[0, 1, 4, 5]|CSMA|-20dBm|Star	10.87142855	663.482	2.36149811745
[0, 1, 4, 9]|CSMA|-20dBm|Star	26.54166665	663.482	2.31469893456
[0, 2, 4, 5]|CSMA|-20dBm|Star	4.64	663.482	2.24264907837
[0, 2, 4, 9]|CSMA|-20dBm|Star	15.61666665	663.482	2.13947582245
[0, 1, 2, 4, 5]|CSMA|-20dBm|Star	7.30909093333	847.673	2.92756915092
[0, 1, 2, 3, 4, 5]|CSMA|-20dBm|Star	4.58333333333	1031.86	3.77483892441
[0, 2, 3, 4, 9]|CSMA|-20dBm|Star	8.03888886667	847.673	3.01449394226
[0, 2, 3, 4, 5, 9]|CSMA|-20dBm|Star	6.11666666667	1031.86	4.04085898399
[0, 1, 4, 7, 9]|CSMA|-20dBm|Star	16.1777778	847.673	3.16452097893
[0, 1, 4, 5, 9]|CSMA|-20dBm|Star	15.9111111333	847.673	3.13077116013
[0, 2, 4, 5, 9]|CSMA|-20dBm|Star	10.0166666667	847.673	3.05783104897
[0, 2, 4, 7, 9]|CSMA|-20dBm|Star	9.8777778	847.673	2.87715601921
[0, 2, 3, 9]|CSMA|-20dBm|Star	8.9590909	663.482	2.31366205215
[0, 2, 3, 6, 9]|CSMA|-20dBm|Star	8.9878788	847.673	3.08038401604
[0, 1, 3, 4, 5]|CSMA|-20dBm|Star	6.8722222	847.673	2.83839082718
[0, 2, 3, 4, 5, 6]|CSMA|-20dBm|Star	3.48958333333	1031.86	3.81547808647
[0, 1, 4, 7, 8, 9]|CSMA|-20dBm|Star	16.1944444167	1031.86	3.64912509918
[0, 1, 4, 5, 6, 9]|CSMA|-20dBm|Star	15.8680555833	1031.86	4.00356817245
[0, 2, 4, 5, 6, 9]|CSMA|-20dBm|Star	9.72222225	1031.86	4.14237594604
[0, 2, 4, 7, 8, 9]|CSMA|-20dBm|Star	9.85416666667	1031.86	3.7546877861
[0, 2, 3, 6, 7, 9]|CSMA|-20dBm|Star	6.0614035	1031.86	3.72534298897
[0, 1, 3, 4, 9]|CSMA|-20dBm|Star	13.9111111333	847.673	2.9578268528
[0, 1, 2, 3, 4, 9]|CSMA|-20dBm|Star	8.95175441667	1031.86	3.94217705727
[0, 2, 4, 5, 6]|CSMA|-20dBm|Star	3.85555553333	847.673	2.93990302086
[0, 2, 3, 4, 5, 7]|CSMA|-20dBm|Star	3.15625	1031.86	3.7861790657
[0, 2, 3, 4, 5, 8]|CSMA|-20dBm|Star	2.90740741667	1031.86	3.74689412117
[0, 1, 2, 4, 5, 9]|CSMA|-20dBm|Star	10.504386	1031.86	4.0811560154
[0, 1, 4, 5, 7, 9]|CSMA|-20dBm|Star	11.025	1031.86	3.90509390831
[0, 1, 4, 5, 8, 9]|CSMA|-20dBm|Star	15.90277775	1031.86	3.98253893852
[0, 2, 4, 5, 7, 9]|CSMA|-20dBm|Star	7.42105266667	1031.86	3.99410891533
[0, 2, 4, 5, 8, 9]|CSMA|-20dBm|Star	10.4242424167	1031.86	4.13833498955
[0, 2, 3, 4, 6, 9]|CSMA|-20dBm|Star	8.10416666667	1031.86	4.19560098648
[0, 1, 2, 3, 9]|CSMA|-20dBm|Star	9.2296296	847.673	3.18749022484
[0, 2, 3, 6, 8, 9]|CSMA|-20dBm|Star	9.33333333333	1031.86	3.89126300812
[0, 1, 4, 6, 9]|CSMA|-20dBm|Star	26.3333333333	847.673	3.02672290802
[0, 1, 3, 4, 5, 9]|CSMA|-20dBm|Star	10.0166666667	1031.86	4.00761604309
[0, 1, 3, 4, 5, 6]|CSMA|-20dBm|Star	6.8125	1031.86	3.61770701408
[0, 2, 4, 5, 6, 7]|CSMA|-20dBm|Star	3.68939391667	1031.86	3.76339197159
[0, 2, 4, 5, 6, 8]|CSMA|-20dBm|Star	3.70833333333	1031.86	3.71631193161
[0, 1, 3, 4, 6, 9]|CSMA|-20dBm|Star	14.0069444167	1031.86	3.93220686913
[0, 1, 4, 5, 7]|CSMA|-20dBm|Star	8.66111113333	847.673	2.82814311981
[0, 1, 4, 5, 7, 8]|CSMA|-20dBm|Star	8.5	1031.86	3.70846486092
[0, 1, 2, 4, 5, 6]|CSMA|-20dBm|Star	6.61111108333	1031.86	3.60984396935
[0, 1, 2, 4, 5, 7]|CSMA|-20dBm|Star	5.67105266667	1031.86	3.99691581726
[0, 2, 4, 6, 9]|CSMA|-20dBm|Star	14.8	847.673	2.93147015572
[0, 2, 4, 6, 7, 9]|CSMA|-20dBm|Star	9.69444441667	1031.86	3.90829801559
[0, 2, 3, 7, 9]|CSMA|-20dBm|Star	6.81403506667	847.673	2.89909887314
[0, 2, 3, 7, 8, 9]|CSMA|-20dBm|Star	7.91666666667	1031.86	3.59545612335
[0, 1, 2, 4, 9]|CSMA|-20dBm|Star	13.6166666667	847.673	2.94974994659
[0, 1, 2, 3, 6, 9]|CSMA|-20dBm|Star	8.89473683333	1031.86	3.94022011757
[0, 1, 2, 3, 7, 9]|CSMA|-20dBm|Star	7.79487183333	1031.86	3.86890602112
[0, 1, 2, 3, 8, 9]|CSMA|-20dBm|Star	8.70833333333	1031.86	3.769947052
[0, 1, 4, 6, 7, 9]|CSMA|-20dBm|Star	15.9861110833	1031.86	4.01613402367
[0, 1, 4, 6, 8, 9]|CSMA|-20dBm|Star	26.0416666667	1031.86	3.75874400139
[0, 1, 3, 4, 5, 7]|CSMA|-20dBm|Star	5.32916666667	1031.86	3.7885248661
[0, 1, 3, 4, 5, 8]|CSMA|-20dBm|Star	6.71527775	1031.86	3.89685988426
[0, 2, 4, 8, 9]|CSMA|-20dBm|Star	14.8333333333	847.673	2.95091485977
[0, 1, 3, 5, 9]|CSMA|-20dBm|Star	9.92666666667	847.673	3.21890997887
[0, 1, 3, 5, 6, 9]|CSMA|-20dBm|Star	9.26190475	1031.86	3.93555808067
[0, 1, 3, 5, 7, 9]|CSMA|-20dBm|Star	7.84444441667	1031.86	4.01528191566
[0, 1, 3, 5, 8, 9]|CSMA|-20dBm|Star	9.8125	1031.86	3.94602203369
[0, 1, 3, 5, 7]|CSMA|-20dBm|Star	5.55666666667	847.673	3.0341629982
[0, 1, 3, 5, 7, 8]|CSMA|-20dBm|Star	5.46666666667	1031.86	3.53253006935
[0, 1, 4, 5, 6]|CSMA|-20dBm|Star	12.8222222	847.673	2.868309021
[0, 1, 4, 5, 6, 7]|CSMA|-20dBm|Star	8.50694441667	1031.86	3.64535093307
[0, 1, 4, 5, 6, 8]|CSMA|-20dBm|Star	12.7638889167	1031.86	3.65068006516
[0, 1, 3, 5, 6]|CSMA|-20dBm|Star	6.5722222	847.673	2.8716840744
[0, 1, 3, 5, 6, 7]|CSMA|-20dBm|Star	5.19583333333	1031.86	3.92513298988
[0, 1, 3, 5, 6, 8]|CSMA|-20dBm|Star	7.12878791667	1031.86	3.62057614326
[0, 1, 3, 5, 8]|CSMA|-20dBm|Star	6.5277778	847.673	2.79473090172
[0, 2, 3, 5, 9]|CSMA|-20dBm|Star	7.2745098	847.673	3.01780200005
[0, 2, 3, 5, 6, 9]|CSMA|-20dBm|Star	6.60185183333	1031.86	4.22991609573
[0, 2, 3, 5, 7, 9]|CSMA|-20dBm|Star	5.77243591667	1031.86	4.23342013359
[0, 2, 3, 5, 8, 9]|CSMA|-20dBm|Star	6.69444441667	1031.86	3.79206204414
[0, 1, 3, 9]|CSMA|-20dBm|Star	13.90833335	663.482	2.34222602844
[0, 1, 3, 6, 9]|CSMA|-20dBm|Star	13.9388888667	847.673	3.00101017952
[0, 1, 3, 6, 7, 9]|CSMA|-20dBm|Star	10.0875	1031.86	3.97965812683
[0, 1, 3, 6, 8, 9]|CSMA|-20dBm|Star	14.15972225	1031.86	3.90821099281
[0, 1, 3, 7, 9]|CSMA|-20dBm|Star	10.0466666667	847.673	3.10002088547
[0, 1, 3, 7, 8, 9]|CSMA|-20dBm|Star	10.0458333333	1031.86	3.84683680534
[0, 2, 3, 5, 6]|CSMA|-20dBm|Star	2.44242426667	847.673	2.81710004807
[0, 2, 3, 5, 6, 7]|CSMA|-20dBm|Star	2.80392158333	1031.86	3.83126997948
[0, 2, 3, 5, 6, 8]|CSMA|-20dBm|Star	2.46212125	1031.86	3.60557198524
[0, 2, 3, 5, 8]|CSMA|-20dBm|Star	2.41666666667	847.673	2.75827884674
[0, 2, 3, 5, 7]|CSMA|-20dBm|Star	2.87407406667	847.673	2.84171509743
[0, 2, 3, 5, 7, 8]|CSMA|-20dBm|Star	2.66666666667	1031.86	3.84721207619
[0, 1, 3, 8, 9]|CSMA|-20dBm|Star	13.6388888667	847.673	2.98034191132
[0, 1, 2, 4, 5, 8]|CSMA|-20dBm|Star	6.65972225	1031.86	3.73757505417
[0, 1, 2, 3, 5, 9]|CSMA|-20dBm|Star	7.52469133333	1031.86	4.30503606796
[0, 1, 2, 3, 5, 6]|CSMA|-20dBm|Star	5.15686275	1031.86	3.83684802055
[0, 1, 2, 3, 5, 7]|CSMA|-20dBm|Star	4.24691358333	1031.86	3.82098388672
[0, 1, 2, 3, 5, 8]|CSMA|-20dBm|Star	4.39166666667	1031.86	3.56611895561
[0, 1, 4, 5, 8]|CSMA|-20dBm|Star	12.3	847.673	2.72324800491
[0, 2, 4, 6, 8, 9]|CSMA|-20dBm|Star	14.8611110833	1031.86	3.69824314117
[0, 2, 4, 5, 7]|CSMA|-20dBm|Star	3.8277778	847.673	3.02798199654
[0, 2, 4, 5, 7, 8]|CSMA|-20dBm|Star	4.43939391667	1031.86	3.6350030899
[0, 2, 4, 5, 8]|CSMA|-20dBm|Star	3.68888886667	847.673	2.74708294868
[0, 1, 2, 4, 6, 9]|CSMA|-20dBm|Star	13.2013889167	1031.86	3.82869005203
[0, 1, 2, 4, 7, 9]|CSMA|-20dBm|Star	9.65833333333	1031.86	3.81232690811
[0, 1, 2, 4, 8, 9]|CSMA|-20dBm|Star	13.21527775	1031.86	3.78201198578
[0, 1, 4, 8, 9]|CSMA|-20dBm|Star	26.2555555333	847.673	2.95134496689
[0, 2, 3, 8, 9]|CSMA|-20dBm|Star	8.91515153333	847.673	2.98646402359
[0, 2, 3, 4, 7, 9]|CSMA|-20dBm|Star	6.14912283333	1031.86	3.79021406174
[0, 2, 3, 4, 8, 9]|CSMA|-20dBm|Star	9.43333333333	1031.86	3.69283103943
[0, 1, 3, 4, 7, 9]|CSMA|-20dBm|Star	10.46929825	1031.86	4.01965880394
[0, 1, 3, 4, 8, 9]|CSMA|-20dBm|Star	14.02777775	1031.86	3.93771791458
[0, 2, 3, 5]|CSMA|-20dBm|Star	2.875	663.482	2.14591002464
[0, 1, 3, 5]|TDMA|-20dBm|Star	6.75833335	663.481	27.6171460152
[0, 1, 2, 3, 5]|TDMA|-20dBm|Star	4.4245614	847.672	27.8902361393
[0, 2, 3, 4, 5]|TDMA|-20dBm|Star	2.96	847.672	28.071614027
[0, 1, 4, 5]|TDMA|-20dBm|Star	12.55833335	663.481	27.1053009033
[0, 1, 4, 9]|TDMA|-20dBm|Star	26.80833335	663.481	27.0733649731
[0, 2, 4, 5]|TDMA|-20dBm|Star	4.05	663.481	26.9207940102
[0, 2, 4, 9]|TDMA|-20dBm|Star	15.61666665	663.481	27.79666996
[0, 1, 2, 4, 5]|TDMA|-20dBm|Star	6.45555553333	847.672	30.3899531364
[0, 1, 2, 3, 4, 5]|TDMA|-20dBm|Star	4.56944441667	1031.86	29.9930298328
[0, 2, 3, 4, 9]|TDMA|-20dBm|Star	9.2181818	847.672	28.4099311829
[0, 2, 3, 4, 5, 9]|TDMA|-20dBm|Star	7.10185183333	1031.86	27.8721988201
[0, 1, 4, 7, 9]|TDMA|-20dBm|Star	16.0277778	847.672	27.3974101543
[0, 1, 4, 5, 9]|TDMA|-20dBm|Star	16.2111111333	847.672	27.0070829391
[0, 2, 4, 5, 9]|TDMA|-20dBm|Star	11.2424242667	847.672	26.6476950645
[0, 2, 4, 7, 9]|TDMA|-20dBm|Star	10.3333333333	847.672	26.9444508553
[0, 2, 3, 9]|TDMA|-20dBm|Star	8.33333335	663.481	25.7343709469
[0, 2, 3, 6, 9]|TDMA|-20dBm|Star	10.1266666667	847.672	26.9150168896
[0, 1, 3, 4, 5]|TDMA|-20dBm|Star	6.86666666667	847.672	26.4731841087
[0, 2, 3, 4, 5, 6]|TDMA|-20dBm|Star	2.9814815	1031.86	27.7782239914
[0, 1, 4, 7, 8, 9]|TDMA|-20dBm|Star	15.90972225	1031.86	27.6483330727
[0, 1, 4, 5, 6, 9]|TDMA|-20dBm|Star	14.8653845833	1031.86	28.3388850689
[0, 2, 4, 5, 6, 9]|TDMA|-20dBm|Star	10.6439394167	1031.86	27.8209950924
[0, 2, 4, 7, 8, 9]|TDMA|-20dBm|Star	10.6590909167	1031.86	27.9017081261
[0, 2, 3, 6, 7, 9]|TDMA|-20dBm|Star	7.5	1031.86	27.8909220695
[0, 1, 3, 4, 9]|TDMA|-20dBm|Star	13.9611111333	847.672	27.1352479458
[0, 1, 2, 3, 4, 9]|TDMA|-20dBm|Star	8.96052633333	1031.86	27.8729889393
[0, 2, 4, 5, 6]|TDMA|-20dBm|Star	3.9	847.672	26.7806859016
[0, 2, 3, 4, 5, 7]|TDMA|-20dBm|Star	3.26041666667	1031.86	27.6120691299
[0, 2, 3, 4, 5, 8]|TDMA|-20dBm|Star	2.98333333333	1031.86	27.5518419743
[0, 1, 2, 4, 5, 9]|TDMA|-20dBm|Star	9.38492066667	1031.86	27.8916521072
[0, 1, 4, 5, 7, 9]|TDMA|-20dBm|Star	11.425	1031.86	28.3697550297
[0, 1, 4, 5, 8, 9]|TDMA|-20dBm|Star	16.0555555833	1031.86	27.8727221489
[0, 2, 4, 5, 7, 9]|TDMA|-20dBm|Star	8.19444441667	1031.86	27.7537140846
[0, 2, 4, 5, 8, 9]|TDMA|-20dBm|Star	10.6439394167	1031.86	28.7702829838
[0, 2, 3, 4, 6, 9]|TDMA|-20dBm|Star	8.86363633333	1031.86	27.5770461559
[0, 1, 2, 3, 9]|TDMA|-20dBm|Star	9.21052633333	847.672	26.8699169159
[0, 2, 3, 6, 8, 9]|TDMA|-20dBm|Star	9.6	1031.86	27.8641109467
[0, 1, 4, 6, 9]|TDMA|-20dBm|Star	27.0666666667	847.672	27.54352808
[0, 1, 3, 4, 5, 9]|TDMA|-20dBm|Star	10.2875	1031.86	28.0775470734
[0, 1, 3, 4, 5, 6]|TDMA|-20dBm|Star	6.86111108333	1031.86	28.4909689426
[0, 2, 4, 5, 6, 7]|TDMA|-20dBm|Star	4.24166666667	1031.86	27.4697670937
[0, 2, 4, 5, 6, 8]|TDMA|-20dBm|Star	3.55555558333	1031.86	27.5008678436
[0, 1, 3, 4, 6, 9]|TDMA|-20dBm|Star	11.7738095	1031.86	31.1777069569
[0, 1, 4, 5, 7]|TDMA|-20dBm|Star	8.58333333333	847.672	28.0998370647
[0, 1, 4, 5, 7, 8]|TDMA|-20dBm|Star	8.17361108333	1031.86	33.7087321281
[0, 1, 2, 4, 5, 6]|TDMA|-20dBm|Star	6.61805558333	1031.86	29.971077919
[0, 1, 2, 4, 5, 7]|TDMA|-20dBm|Star	5.18333333333	1031.86	27.9781858921
[0, 2, 4, 6, 9]|TDMA|-20dBm|Star	15.5	847.672	26.8053188324
[0, 2, 4, 6, 7, 9]|TDMA|-20dBm|Star	10.6969696667	1031.86	30.9358661175
[0, 2, 3, 7, 9]|TDMA|-20dBm|Star	8.79111113333	847.672	30.9763090611
[0, 2, 3, 7, 8, 9]|TDMA|-20dBm|Star	6.962963	1031.86	29.4997169971
[0, 1, 2, 4, 9]|TDMA|-20dBm|Star	13.7444444667	847.672	28.0919361115
[0, 1, 2, 3, 6, 9]|TDMA|-20dBm|Star	9.43055558333	1031.86	30.8238041401
[0, 1, 2, 3, 7, 9]|TDMA|-20dBm|Star	7.7314815	1031.86	28.2672171593
[0, 1, 2, 3, 8, 9]|TDMA|-20dBm|Star	9.50462966667	1031.86	27.8571779728
[0, 1, 4, 6, 7, 9]|TDMA|-20dBm|Star	16.1458333333	1031.86	27.5760700703
[0, 1, 4, 6, 8, 9]|TDMA|-20dBm|Star	26.4444444167	1031.86	28.3785169125
[0, 1, 3, 4, 5, 7]|TDMA|-20dBm|Star	5.33333333333	1031.86	27.8152840137
[0, 1, 3, 4, 5, 8]|TDMA|-20dBm|Star	6.70833333333	1031.86	27.79164505
[0, 2, 4, 8, 9]|TDMA|-20dBm|Star	15.4555555333	847.672	29.3439309597
[0, 1, 3, 5, 9]|TDMA|-20dBm|Star	10.15	847.672	29.061054945
[0, 1, 3, 5, 6, 9]|TDMA|-20dBm|Star	9.44444441667	1031.86	28.5592770576
[0, 1, 3, 5, 7, 9]|TDMA|-20dBm|Star	7.81388891667	1031.86	28.1328849792
[0, 1, 3, 5, 8, 9]|TDMA|-20dBm|Star	10.0833333333	1031.86	29.3885800838
[0, 1, 3, 5, 7]|TDMA|-20dBm|Star	5.43333333333	847.672	27.5979688168
[0, 1, 3, 5, 7, 8]|TDMA|-20dBm|Star	5.3375	1031.86	27.7449810505
[0, 1, 4, 5, 6]|TDMA|-20dBm|Star	11.8	847.672	26.7338070869
[0, 1, 4, 5, 6, 7]|TDMA|-20dBm|Star	7.4615385	1031.86	27.5525169373
[0, 1, 4, 5, 6, 8]|TDMA|-20dBm|Star	12.3194444167	1031.86	27.7014091015
[0, 1, 3, 5, 6]|TDMA|-20dBm|Star	6.51666666667	847.672	26.7783260345
[0, 1, 3, 5, 6, 7]|TDMA|-20dBm|Star	5.25833333333	1031.86	28.0988869667
[0, 1, 3, 5, 6, 8]|TDMA|-20dBm|Star	6.61805558333	1031.86	27.5952670574
[0, 1, 3, 5, 8]|TDMA|-20dBm|Star	6.45	847.672	26.4349911213
[0, 2, 3, 5, 9]|TDMA|-20dBm|Star	7.4148148	847.672	26.954365015
[0, 2, 3, 5, 6, 9]|TDMA|-20dBm|Star	7.765625	1031.86	28.1233899593
[0, 2, 3, 5, 7, 9]|TDMA|-20dBm|Star	5.70535716667	1031.86	30.3701429367
[0, 2, 3, 5, 8, 9]|TDMA|-20dBm|Star	6.94907408333	1031.86	28.6632549763
[0, 1, 3, 9]|TDMA|-20dBm|Star	13.99583335	663.481	25.9253110886
[0, 1, 3, 6, 9]|TDMA|-20dBm|Star	14.0277778	847.672	27.8374979496
[0, 1, 3, 6, 7, 9]|TDMA|-20dBm|Star	10.1625	1031.86	28.7406170368
[0, 1, 3, 6, 8, 9]|TDMA|-20dBm|Star	13.8541666667	1031.86	29.0061619282
[0, 1, 3, 7, 9]|TDMA|-20dBm|Star	10.3366666667	847.672	27.8768949509
[0, 1, 3, 7, 8, 9]|TDMA|-20dBm|Star	10.0208333333	1031.86	28.520802021
[0, 2, 3, 5, 6]|TDMA|-20dBm|Star	2.6121212	847.672	27.5662109852
[0, 2, 3, 5, 6, 7]|TDMA|-20dBm|Star	3.02604166667	1031.86	28.335048914
[0, 2, 3, 5, 6, 8]|TDMA|-20dBm|Star	2.61363633333	1031.86	29.7443799973
[0, 2, 3, 5, 8]|TDMA|-20dBm|Star	2.9	847.672	27.8462700844
[0, 2, 3, 5, 7]|TDMA|-20dBm|Star	3.3125	847.672	28.6960229874
[0, 2, 3, 5, 7, 8]|TDMA|-20dBm|Star	2.81018516667	1031.86	29.0349059105
[0, 1, 3, 8, 9]|TDMA|-20dBm|Star	13.9055555333	847.672	28.3250861168
[0, 1, 2, 4, 5, 8]|TDMA|-20dBm|Star	6.33333333333	1031.86	30.1899139881
[0, 1, 2, 3, 5, 9]|TDMA|-20dBm|Star	7.33035716667	1031.86	29.3402180672
[0, 1, 2, 3, 5, 6]|TDMA|-20dBm|Star	4.76960783333	1031.86	29.1095330715
[0, 1, 2, 3, 5, 7]|TDMA|-20dBm|Star	4.03395058333	1031.86	33.0088779926
[0, 1, 2, 3, 5, 8]|TDMA|-20dBm|Star	4.94607841667	1031.86	28.9189400673
[0, 1, 4, 5, 8]|TDMA|-20dBm|Star	11.7444444667	847.672	27.8277041912
[0, 2, 4, 6, 8, 9]|TDMA|-20dBm|Star	14.84722225	1031.86	29.0954799652
[0, 2, 4, 5, 7]|TDMA|-20dBm|Star	4.47878786667	847.672	27.8592250347
[0, 2, 4, 5, 7, 8]|TDMA|-20dBm|Star	4.03787875	1031.86	29.0777499676
[0, 2, 4, 5, 8]|TDMA|-20dBm|Star	3.7222222	847.672	27.7782320976
[0, 1, 2, 4, 6, 9]|TDMA|-20dBm|Star	13.40972225	1031.86	29.2353518009
[0, 1, 2, 4, 7, 9]|TDMA|-20dBm|Star	10.495614	1031.86	29.4188559055
[0, 1, 2, 4, 8, 9]|TDMA|-20dBm|Star	13.52777775	1031.86	29.0505099297
[0, 1, 4, 8, 9]|TDMA|-20dBm|Star	26.3111111333	847.672	28.1266129017
[0, 2, 3, 8, 9]|TDMA|-20dBm|Star	9.86666666667	847.672	27.8686060905
[0, 2, 3, 4, 7, 9]|TDMA|-20dBm|Star	6.9814815	1031.86	29.4058430195
[0, 2, 3, 4, 8, 9]|TDMA|-20dBm|Star	10.8703703333	1031.86	28.7351250648
[0, 1, 3, 4, 7, 9]|TDMA|-20dBm|Star	10.8070175833	1031.86	30.204297781
[0, 1, 3, 4, 8, 9]|TDMA|-20dBm|Star	12.8333333333	1031.86	28.9329571724
[0, 2, 3, 5]|TDMA|-20dBm|Star	2.915	663.481	27.0588638783
[0, 1, 3, 5]|CSMA|-10dBm|Star	52.2875	673.941	2.90764594078
[0, 1, 2, 3, 5]|CSMA|-10dBm|Star	44.0533333333	858.131	3.88778495789
[0, 2, 3, 4, 5]|CSMA|-10dBm|Star	27.7333333333	858.131	3.78411889076
[0, 1, 4, 5]|CSMA|-10dBm|Star	37.9625	673.941	2.79480695724
[0, 1, 4, 9]|CSMA|-10dBm|Star	44.475	673.941	2.83849191666
[0, 2, 4, 5]|CSMA|-10dBm|Star	28.05833335	673.941	2.56924009323
[0, 2, 4, 9]|CSMA|-10dBm|Star	32.93333335	673.941	2.67074298859
[0, 1, 2, 4, 5]|CSMA|-10dBm|Star	33.7933333333	858.131	3.76243805885
[0, 1, 2, 3, 4, 5]|CSMA|-10dBm|Star	31.84722225	1042.32	5.03339195251
[0, 2, 3, 4, 9]|CSMA|-10dBm|Star	31.31	858.131	3.70211005211
[0, 2, 3, 4, 5, 9]|CSMA|-10dBm|Star	33.875	1042.32	5.33636403084
[0, 1, 4, 7, 9]|CSMA|-10dBm|Star	44.9366666667	858.131	4.01712799072
[0, 1, 4, 5, 9]|CSMA|-10dBm|Star	44.5366666667	858.131	4.04059791565
[0, 2, 4, 5, 9]|CSMA|-10dBm|Star	35.5466666667	858.131	3.90150213242
[0, 2, 4, 7, 9]|CSMA|-10dBm|Star	35.7866666667	858.131	3.76141214371
[0, 2, 3, 9]|CSMA|-10dBm|Star	46.46666665	673.941	2.87592601776
[0, 2, 3, 6, 9]|CSMA|-10dBm|Star	31.74	858.131	3.68032193184
[0, 1, 3, 4, 5]|CSMA|-10dBm|Star	35.2266666667	858.131	3.99612116814
[0, 2, 3, 4, 5, 6]|CSMA|-10dBm|Star	20.3805555833	1042.32	4.96595406532
[0, 1, 4, 7, 8, 9]|CSMA|-10dBm|Star	29.50277775	1042.32	4.9866271019
[0, 1, 4, 5, 6, 9]|CSMA|-10dBm|Star	32.875	1042.32	5.06894087791
[0, 2, 4, 5, 6, 9]|CSMA|-10dBm|Star	25.9083333333	1042.32	5.16575908661
[0, 2, 4, 7, 8, 9]|CSMA|-10dBm|Star	23.3694444167	1042.32	4.94595694542
[0, 2, 3, 6, 7, 9]|CSMA|-10dBm|Star	33.37222225	1042.32	5.30419301987
[0, 1, 3, 4, 9]|CSMA|-10dBm|Star	39.61	858.131	3.83805394173
[0, 1, 2, 3, 4, 9]|CSMA|-10dBm|Star	36.1666666667	1042.32	5.10913014412
[0, 2, 4, 5, 6]|CSMA|-10dBm|Star	19.6266666667	858.131	3.51064896584
[0, 2, 3, 4, 5, 7]|CSMA|-10dBm|Star	29.62222225	1042.32	5.00946211815
[0, 2, 3, 4, 5, 8]|CSMA|-10dBm|Star	18.5333333333	1042.32	4.61159396172
[0, 1, 2, 4, 5, 9]|CSMA|-10dBm|Star	39.3611110833	1042.32	5.25342297554
[0, 1, 4, 5, 7, 9]|CSMA|-10dBm|Star	44.1583333333	1042.32	5.58347892761
[0, 1, 4, 5, 8, 9]|CSMA|-10dBm|Star	29.6638889167	1042.32	4.94954490662
[0, 2, 4, 5, 7, 9]|CSMA|-10dBm|Star	36.6805555833	1042.32	5.21759700775
[0, 2, 4, 5, 8, 9]|CSMA|-10dBm|Star	23.4833333333	1042.32	4.7465159893
[0, 2, 3, 4, 6, 9]|CSMA|-10dBm|Star	23.2888889167	1042.32	4.90779304504
[0, 1, 2, 3, 9]|CSMA|-10dBm|Star	49.13	858.131	4.01176810265
[0, 2, 3, 6, 8, 9]|CSMA|-10dBm|Star	20.8305555833	1042.32	4.92607498169
[0, 1, 4, 6, 9]|CSMA|-10dBm|Star	30.34	858.131	3.99150419235
[0, 1, 3, 4, 5, 9]|CSMA|-10dBm|Star	40.6888889167	1042.32	5.31182909012
[0, 1, 3, 4, 5, 6]|CSMA|-10dBm|Star	25.85277775	1042.32	4.91622900963
[0, 2, 4, 5, 6, 7]|CSMA|-10dBm|Star	23.05277775	1042.32	4.8396229744
[0, 2, 4, 5, 6, 8]|CSMA|-10dBm|Star	14.0773809167	1042.32	4.72600698471
[0, 1, 3, 4, 6, 9]|CSMA|-10dBm|Star	29.8166666667	1042.32	4.97283816338
[0, 1, 4, 5, 7]|CSMA|-10dBm|Star	39.65	858.131	3.98751783371
[0, 1, 4, 5, 7, 8]|CSMA|-10dBm|Star	26.6138889167	1042.32	4.8358039856
[0, 1, 2, 4, 5, 6]|CSMA|-10dBm|Star	25.0861110833	1042.32	4.88625097275
[0, 1, 2, 4, 5, 7]|CSMA|-10dBm|Star	34.7916666667	1042.32	5.13904714584
[0, 2, 4, 6, 9]|CSMA|-10dBm|Star	23.2733333333	858.131	3.59150004387
[0, 2, 4, 6, 7, 9]|CSMA|-10dBm|Star	26.02777775	1042.32	4.75126600266
[0, 2, 3, 7, 9]|CSMA|-10dBm|Star	46.53	858.131	3.94046282768
[0, 2, 3, 7, 8, 9]|CSMA|-10dBm|Star	30.5388889167	1042.32	4.82250094414
[0, 1, 2, 4, 9]|CSMA|-10dBm|Star	38.25	858.131	4.2374792099
[0, 1, 2, 3, 6, 9]|CSMA|-10dBm|Star	35.77777775	1042.32	5.16331100464
[0, 1, 2, 3, 7, 9]|CSMA|-10dBm|Star	47.5694444167	1042.32	5.4977118969
[0, 1, 2, 3, 8, 9]|CSMA|-10dBm|Star	32.9138889167	1042.32	5.22127580643
[0, 1, 4, 6, 7, 9]|CSMA|-10dBm|Star	32.37222225	1042.32	5.18705677986
[0, 1, 4, 6, 8, 9]|CSMA|-10dBm|Star	21.3511905	1042.32	4.67769193649
[0, 1, 3, 4, 5, 7]|CSMA|-10dBm|Star	36.4666666667	1042.32	5.08738803864
[0, 1, 3, 4, 5, 8]|CSMA|-10dBm|Star	23.3555555833	1042.32	4.68835687637
[0, 2, 4, 8, 9]|CSMA|-10dBm|Star	21.0807017333	858.131	3.51990199089
[0, 1, 3, 5, 9]|CSMA|-10dBm|Star	56.2	858.131	4.07358503342
[0, 1, 3, 5, 6, 9]|CSMA|-10dBm|Star	40.625	1042.32	5.20211696625
[0, 1, 3, 5, 7, 9]|CSMA|-10dBm|Star	52.9166666667	1042.32	5.82795810699
[0, 1, 3, 5, 8, 9]|CSMA|-10dBm|Star	36.9611110833	1042.32	5.22529602051
[0, 1, 3, 5, 7]|CSMA|-10dBm|Star	50.7966666667	858.131	3.9810500145
[0, 1, 3, 5, 7, 8]|CSMA|-10dBm|Star	33.1861110833	1042.32	4.98602700233
[0, 1, 4, 5, 6]|CSMA|-10dBm|Star	26.5866666667	858.131	3.63942193985
[0, 1, 4, 5, 6, 7]|CSMA|-10dBm|Star	29.025	1042.32	5.06548023224
[0, 1, 4, 5, 6, 8]|CSMA|-10dBm|Star	17.5361110833	1042.32	4.7643301487
[0, 1, 3, 5, 6]|CSMA|-10dBm|Star	35.1733333333	858.131	3.96050405502
[0, 1, 3, 5, 6, 7]|CSMA|-10dBm|Star	36.95	1042.32	5.31490087509
[0, 1, 3, 5, 6, 8]|CSMA|-10dBm|Star	24.0638889167	1042.32	5.19058990479
[0, 1, 3, 5, 8]|CSMA|-10dBm|Star	31.7266666667	858.131	3.79202103615
[0, 2, 3, 5, 9]|CSMA|-10dBm|Star	46.4233333333	858.131	4.07783794403
[0, 2, 3, 5, 6, 9]|CSMA|-10dBm|Star	33.2694444167	1042.32	5.27365493774
[0, 2, 3, 5, 7, 9]|CSMA|-10dBm|Star	45.4916666667	1042.32	5.63601589203
[0, 2, 3, 5, 8, 9]|CSMA|-10dBm|Star	30.2055555833	1042.32	4.98847389221
[0, 1, 3, 9]|CSMA|-10dBm|Star	59.59166665	673.941	2.87793207169
[0, 1, 3, 6, 9]|CSMA|-10dBm|Star	39.94	858.131	4.03900408745
[0, 1, 3, 6, 7, 9]|CSMA|-10dBm|Star	40.14722225	1042.32	5.17345094681
[0, 1, 3, 6, 8, 9]|CSMA|-10dBm|Star	26.2555555833	1042.32	4.7271258831
[0, 1, 3, 7, 9]|CSMA|-10dBm|Star	56.55	858.131	4.06935191154
[0, 1, 3, 7, 8, 9]|CSMA|-10dBm|Star	37.54722225	1042.32	4.96566987038
[0, 2, 3, 5, 6]|CSMA|-10dBm|Star	27.8233333333	858.131	4.07565188408
[0, 2, 3, 5, 6, 7]|CSMA|-10dBm|Star	29.6194444167	1042.32	5.01656603813
[0, 2, 3, 5, 6, 8]|CSMA|-10dBm|Star	18.6	1042.32	4.70167016983
[0, 2, 3, 5, 8]|CSMA|-10dBm|Star	23.7766666667	858.131	3.63551211357
[0, 2, 3, 5, 7]|CSMA|-10dBm|Star	40.8233333333	858.131	3.89286994934
[0, 2, 3, 5, 7, 8]|CSMA|-10dBm|Star	27.2833333333	1042.32	5.0652718544
[0, 1, 3, 8, 9]|CSMA|-10dBm|Star	36.3733333333	858.131	3.87835907936
[0, 1, 2, 4, 5, 8]|CSMA|-10dBm|Star	22.6166666667	1042.32	4.72696208954
[0, 1, 2, 3, 5, 9]|CSMA|-10dBm|Star	47.6361110833	1042.32	5.72142601013
[0, 1, 2, 3, 5, 6]|CSMA|-10dBm|Star	32.1833333333	1042.32	5.10999393463
[0, 1, 2, 3, 5, 7]|CSMA|-10dBm|Star	42.9166666667	1042.32	5.7138671875
[0, 1, 2, 3, 5, 8]|CSMA|-10dBm|Star	29.1944444167	1042.32	5.17308497429
[0, 1, 4, 5, 8]|CSMA|-10dBm|Star	23.06	858.131	3.55078411102
[0, 2, 4, 6, 8, 9]|CSMA|-10dBm|Star	16.3095238333	1042.32	4.57880592346
[0, 2, 4, 5, 7]|CSMA|-10dBm|Star	31.01	858.131	3.92683601379
[0, 2, 4, 5, 7, 8]|CSMA|-10dBm|Star	20.7333333333	1042.32	4.61752915382
[0, 2, 4, 5, 8]|CSMA|-10dBm|Star	16.7966666667	858.131	3.43232297897
[0, 1, 2, 4, 6, 9]|CSMA|-10dBm|Star	28.8166666667	1042.32	4.83625602722
[0, 1, 2, 4, 7, 9]|CSMA|-10dBm|Star	39.0194444167	1042.32	5.46736907959
[0, 1, 2, 4, 8, 9]|CSMA|-10dBm|Star	25.3444444167	1042.32	4.93095207214
[0, 1, 4, 8, 9]|CSMA|-10dBm|Star	28.3578947333	858.131	3.52824616432
[0, 2, 3, 8, 9]|CSMA|-10dBm|Star	27.83	858.131	3.54785704613
[0, 2, 3, 4, 7, 9]|CSMA|-10dBm|Star	33.5416666667	1042.32	5.17218780518
[0, 2, 3, 4, 8, 9]|CSMA|-10dBm|Star	21.0166666667	1042.32	4.95993590355
[0, 1, 3, 4, 7, 9]|CSMA|-10dBm|Star	40.4083333333	1042.32	5.31643414497
[0, 1, 3, 4, 8, 9]|CSMA|-10dBm|Star	26.6333333333	1042.32	4.84797501564
[0, 2, 3, 5]|CSMA|-10dBm|Star	39.9625	673.941	2.6255030632
[0, 1, 3, 5]|TDMA|-10dBm|Star	51.9375	673.94	27.4820039272
[0, 1, 2, 3, 5]|TDMA|-10dBm|Star	44.4933333333	858.13	28.6280739307
[0, 2, 3, 4, 5]|TDMA|-10dBm|Star	27.9066666667	858.13	28.3387739658
[0, 1, 4, 5]|TDMA|-10dBm|Star	38.1125	673.94	28.9112169743
[0, 1, 4, 9]|TDMA|-10dBm|Star	44.18333335	673.94	27.2162020206
[0, 2, 4, 5]|TDMA|-10dBm|Star	27.575	673.94	28.6403820515
[0, 2, 4, 9]|TDMA|-10dBm|Star	32.87083335	673.94	27.6579480171
[0, 1, 2, 4, 5]|TDMA|-10dBm|Star	33.65	858.13	28.7022311687
[0, 1, 2, 3, 4, 5]|TDMA|-10dBm|Star	32.3111110833	1042.32	30.0172791481
[0, 2, 3, 4, 9]|TDMA|-10dBm|Star	32.46	858.13	28.7214097977
[0, 2, 3, 4, 5, 9]|TDMA|-10dBm|Star	34.8416666667	1042.32	31.4337627888
[0, 1, 4, 7, 9]|TDMA|-10dBm|Star	45.12	858.13	29.2182579041
[0, 1, 4, 5, 9]|TDMA|-10dBm|Star	45.2166666667	858.13	29.8560400009
[0, 2, 4, 5, 9]|TDMA|-10dBm|Star	36.23	858.13	29.1192450523
[0, 2, 4, 7, 9]|TDMA|-10dBm|Star	35.94	858.13	29.5966339111
[0, 2, 3, 9]|TDMA|-10dBm|Star	46.32083335	673.94	28.2425601482
[0, 2, 3, 6, 9]|TDMA|-10dBm|Star	32.13	858.13	29.1775000095
[0, 1, 3, 4, 5]|TDMA|-10dBm|Star	35.4266666667	858.13	28.8040928841
[0, 2, 3, 4, 5, 6]|TDMA|-10dBm|Star	21.22777775	1042.32	36.435382843
[0, 1, 4, 7, 8, 9]|TDMA|-10dBm|Star	30.125	1042.32	30.3906109333
[0, 1, 4, 5, 6, 9]|TDMA|-10dBm|Star	33.4055555833	1042.32	34.1473169327
[0, 2, 4, 5, 6, 9]|TDMA|-10dBm|Star	26.8583333333	1042.32	30.1656908989
[0, 2, 4, 7, 8, 9]|TDMA|-10dBm|Star	24.15	1042.32	31.2837450504
[0, 2, 3, 6, 7, 9]|TDMA|-10dBm|Star	34.6583333333	1042.32	31.710600853
[0, 1, 3, 4, 9]|TDMA|-10dBm|Star	40.47	858.13	29.3392050266
[0, 1, 2, 3, 4, 9]|TDMA|-10dBm|Star	36.3388889167	1042.32	30.6423630714
[0, 2, 4, 5, 6]|TDMA|-10dBm|Star	20.1933333333	858.13	28.6154351234
[0, 2, 3, 4, 5, 7]|TDMA|-10dBm|Star	30.89722225	1042.32	30.7295050621
[0, 2, 3, 4, 5, 8]|TDMA|-10dBm|Star	18.7888889167	1042.32	32.9694290161
[0, 1, 2, 4, 5, 9]|TDMA|-10dBm|Star	39.925	1042.32	31.2973730564
[0, 1, 4, 5, 7, 9]|TDMA|-10dBm|Star	45.07222225	1042.32	31.5538189411
[0, 1, 4, 5, 8, 9]|TDMA|-10dBm|Star	30.1416666667	1042.32	33.6207430363
[0, 2, 4, 5, 7, 9]|TDMA|-10dBm|Star	37.97222225	1042.32	30.823319912
[0, 2, 4, 5, 8, 9]|TDMA|-10dBm|Star	24.07222225	1042.32	29.8612709045
[0, 2, 3, 4, 6, 9]|TDMA|-10dBm|Star	24.6138889167	1042.32	30.121997118
[0, 1, 2, 3, 9]|TDMA|-10dBm|Star	49.66	858.13	29.4740378857
[0, 2, 3, 6, 8, 9]|TDMA|-10dBm|Star	21.6861110833	1042.32	30.6829538345
[0, 1, 4, 6, 9]|TDMA|-10dBm|Star	30.98	858.13	28.6255741119
[0, 1, 3, 4, 5, 9]|TDMA|-10dBm|Star	41.6555555833	1042.32	35.9988279343
[0, 1, 3, 4, 5, 6]|TDMA|-10dBm|Star	26.5111110833	1042.32	30.1402239799
[0, 2, 4, 5, 6, 7]|TDMA|-10dBm|Star	23.6833333333	1042.32	33.7357609272
[0, 2, 4, 5, 6, 8]|TDMA|-10dBm|Star	13.0944444167	1042.32	30.1538581848
[0, 1, 3, 4, 6, 9]|TDMA|-10dBm|Star	30.37222225	1042.32	30.6160330772
[0, 1, 4, 5, 7]|TDMA|-10dBm|Star	40.0266666667	858.13	29.2396039963
[0, 1, 4, 5, 7, 8]|TDMA|-10dBm|Star	26.67777775	1042.32	30.6351649761
[0, 1, 2, 4, 5, 6]|TDMA|-10dBm|Star	25.3944444167	1042.32	30.7169139385
[0, 1, 2, 4, 5, 7]|TDMA|-10dBm|Star	35.8666666667	1042.32	30.8763568401
[0, 2, 4, 6, 9]|TDMA|-10dBm|Star	23.5733333333	858.13	28.7959909439
[0, 2, 4, 6, 7, 9]|TDMA|-10dBm|Star	27.4694444167	1042.32	30.7804379463
[0, 2, 3, 7, 9]|TDMA|-10dBm|Star	46.7833333333	858.13	30.6460778713
[0, 2, 3, 7, 8, 9]|TDMA|-10dBm|Star	31.175	1042.32	30.4029829502
[0, 1, 2, 4, 9]|TDMA|-10dBm|Star	38.9266666667	858.13	29.3352229595
[0, 1, 2, 3, 6, 9]|TDMA|-10dBm|Star	36.35	1042.32	30.9752168655
[0, 1, 2, 3, 7, 9]|TDMA|-10dBm|Star	48.8083333333	1042.32	31.6509010792
[0, 1, 2, 3, 8, 9]|TDMA|-10dBm|Star	33.0166666667	1042.32	33.2478680611
[0, 1, 4, 6, 7, 9]|TDMA|-10dBm|Star	33.3694444167	1042.32	30.5073988438
[0, 1, 4, 6, 8, 9]|TDMA|-10dBm|Star	21.2988505833	1042.32	30.3699920177
[0, 1, 3, 4, 5, 7]|TDMA|-10dBm|Star	37.3861110833	1042.32	31.1068949699
[0, 1, 3, 4, 5, 8]|TDMA|-10dBm|Star	24.591954	1042.32	30.3962471485
[0, 2, 4, 8, 9]|TDMA|-10dBm|Star	20.3566666667	858.13	29.8327181339
[0, 1, 3, 5, 9]|TDMA|-10dBm|Star	56.7833333333	858.13	29.2606961727
[0, 1, 3, 5, 6, 9]|TDMA|-10dBm|Star	41.4138889167	1042.32	30.97864604
[0, 1, 3, 5, 7, 9]|TDMA|-10dBm|Star	54.6916666667	1042.32	31.195704937
[0, 1, 3, 5, 8, 9]|TDMA|-10dBm|Star	37.4805555833	1042.32	32.2930929661
[0, 1, 3, 5, 7]|TDMA|-10dBm|Star	50.3366666667	858.13	30.5250430107
[0, 1, 3, 5, 7, 8]|TDMA|-10dBm|Star	34.0055555833	1042.32	36.0719239712
[0, 1, 4, 5, 6]|TDMA|-10dBm|Star	26.6166666667	858.13	33.1771709919
[0, 1, 4, 5, 6, 7]|TDMA|-10dBm|Star	28.9194444167	1042.32	36.7410159111
[0, 1, 4, 5, 6, 8]|TDMA|-10dBm|Star	17.67777775	1042.32	34.6332778931
[0, 1, 3, 5, 6]|TDMA|-10dBm|Star	35.9166666667	858.13	44.6627030373
[0, 1, 3, 5, 6, 7]|TDMA|-10dBm|Star	36.925	1042.32	37.8454930782
[0, 1, 3, 5, 6, 8]|TDMA|-10dBm|Star	24.408046	1042.32	36.1285321712
[0, 1, 3, 5, 8]|TDMA|-10dBm|Star	31.7066666667	858.13	35.4427340031
[0, 2, 3, 5, 9]|TDMA|-10dBm|Star	46.71	858.13	30.2095339298
[0, 2, 3, 5, 6, 9]|TDMA|-10dBm|Star	34.4611110833	1042.32	32.3319320679
[0, 2, 3, 5, 7, 9]|TDMA|-10dBm|Star	46.6805555833	1042.32	35.256177187
[0, 2, 3, 5, 8, 9]|TDMA|-10dBm|Star	31.1888889167	1042.32	33.5178160667
[0, 1, 3, 9]|TDMA|-10dBm|Star	59.60833335	673.94	29.294656992
[0, 1, 3, 6, 9]|TDMA|-10dBm|Star	40.5166666667	858.13	29.7990760803
[0, 1, 3, 6, 7, 9]|TDMA|-10dBm|Star	41.4194444167	1042.32	31.8080670834
[0, 1, 3, 6, 8, 9]|TDMA|-10dBm|Star	27.1083333333	1042.32	32.7572278976
[0, 1, 3, 7, 9]|TDMA|-10dBm|Star	56.4266666667	858.13	31.2553620338
[0, 1, 3, 7, 8, 9]|TDMA|-10dBm|Star	37.67777775	1042.32	32.6481239796
[0, 2, 3, 5, 6]|TDMA|-10dBm|Star	27.65	858.13	30.0947179794
[0, 2, 3, 5, 6, 7]|TDMA|-10dBm|Star	30.82222225	1042.32	32.5974199772
[0, 2, 3, 5, 6, 8]|TDMA|-10dBm|Star	18.4888889167	1042.32	37.7399110794
[0, 2, 3, 5, 8]|TDMA|-10dBm|Star	24.3666666667	858.13	29.4989509583
[0, 2, 3, 5, 7]|TDMA|-10dBm|Star	40.7266666667	858.13	30.8623540401
[0, 2, 3, 5, 7, 8]|TDMA|-10dBm|Star	27.5638889167	1042.32	32.8202271461
[0, 1, 3, 8, 9]|TDMA|-10dBm|Star	36.3933333333	858.13	30.4546191692
[0, 1, 2, 4, 5, 8]|TDMA|-10dBm|Star	23.02777775	1042.32	41.3346898556
[0, 1, 2, 3, 5, 9]|TDMA|-10dBm|Star	48.95	1042.32	33.3720171452
[0, 1, 2, 3, 5, 6]|TDMA|-10dBm|Star	32.7916666667	1042.32	32.3902220726
[0, 1, 2, 3, 5, 7]|TDMA|-10dBm|Star	44.3416666667	1042.32	31.6631400585
[0, 1, 2, 3, 5, 8]|TDMA|-10dBm|Star	29.5944444167	1042.32	32.2663700581
[0, 1, 4, 5, 8]|TDMA|-10dBm|Star	23.1866666667	858.13	31.4018931389
[0, 2, 4, 6, 8, 9]|TDMA|-10dBm|Star	16.2729885	1042.32	34.6944348812
[0, 2, 4, 5, 7]|TDMA|-10dBm|Star	31.6066666667	858.13	31.3148691654
[0, 2, 4, 5, 7, 8]|TDMA|-10dBm|Star	21.1	1042.32	34.1522750854
[0, 2, 4, 5, 8]|TDMA|-10dBm|Star	16.9033333333	858.13	31.2753839493
[0, 1, 2, 4, 6, 9]|TDMA|-10dBm|Star	29.17222225	1042.32	39.2065739632
[0, 1, 2, 4, 7, 9]|TDMA|-10dBm|Star	40.0638889167	1042.32	34.3603210449
[0, 1, 2, 4, 8, 9]|TDMA|-10dBm|Star	26.0333333333	1042.32	33.5287208557
[0, 1, 4, 8, 9]|TDMA|-10dBm|Star	27.1433333333	858.13	30.9822280407
[0, 2, 3, 8, 9]|TDMA|-10dBm|Star	28.4633333333	858.13	31.6862330437
[0, 2, 3, 4, 7, 9]|TDMA|-10dBm|Star	34.6805555833	1042.32	33.4558799267
[0, 2, 3, 4, 8, 9]|TDMA|-10dBm|Star	21.69722225	1042.32	32.0937969685
[0, 1, 3, 4, 7, 9]|TDMA|-10dBm|Star	41.3333333333	1042.32	34.1507949829
[0, 1, 3, 4, 8, 9]|TDMA|-10dBm|Star	27.9396551667	1042.32	34.0569589138
[0, 2, 3, 5]|TDMA|-10dBm|Star	39.67916665	673.94	31.0385119915
[0, 1, 3, 5]|CSMA|0dBm|Star	87.69166665	709.01	3.46297597885
[0, 1, 2, 3, 5]|CSMA|0dBm|Star	85.2	893.2	5.24954080582
[0, 2, 3, 4, 5]|CSMA|0dBm|Star	75.0133333333	893.2	5.18055796623
[0, 1, 4, 5]|CSMA|0dBm|Star	79.29166665	709.01	3.63548111916
[0, 1, 4, 9]|CSMA|0dBm|Star	81.07916665	709.01	3.69171786308
[0, 2, 4, 5]|CSMA|0dBm|Star	74.22083335	709.01	3.73450803757
[0, 2, 4, 9]|CSMA|0dBm|Star	76.7	709.01	3.85415315628
[0, 1, 2, 4, 5]|CSMA|0dBm|Star	78.2466666667	893.2	6.24897789955
[0, 1, 2, 3, 4, 5]|CSMA|0dBm|Star	77.4166666667	1077.39	6.82514309883
[0, 2, 3, 4, 9]|CSMA|0dBm|Star	76.8933333333	893.2	4.76936197281
[0, 2, 3, 4, 5, 9]|CSMA|0dBm|Star	77.44722225	1077.39	6.39644694328
[0, 1, 4, 7, 9]|CSMA|0dBm|Star	82.1666666667	893.2	4.64032411575
[0, 1, 4, 5, 9]|CSMA|0dBm|Star	82.4333333333	893.2	4.80185008049
[0, 2, 4, 5, 9]|CSMA|0dBm|Star	78.74	893.2	4.93902301788
[0, 2, 4, 7, 9]|CSMA|0dBm|Star	78.6633333333	893.2	5.1579220295
[0, 2, 3, 9]|CSMA|0dBm|Star	85.275	709.01	3.50532197952
[0, 2, 3, 6, 9]|CSMA|0dBm|Star	77.3333333333	893.2	4.85544896126
[0, 1, 3, 4, 5]|CSMA|0dBm|Star	78.7933333333	893.2	5.12898397446
[0, 2, 3, 4, 5, 6]|CSMA|0dBm|Star	70.1916666667	1077.39	6.08933997154
[0, 1, 4, 7, 8, 9]|CSMA|0dBm|Star	67.95	1077.39	6.87707591057
[0, 1, 4, 5, 6, 9]|CSMA|0dBm|Star	75.5166666667	1077.39	6.66594386101
[0, 2, 4, 5, 6, 9]|CSMA|0dBm|Star	72.7305555833	1077.39	6.47031807899
[0, 2, 4, 7, 8, 9]|CSMA|0dBm|Star	64.69722225	1077.39	6.00399279594
[0, 2, 3, 6, 7, 9]|CSMA|0dBm|Star	78.2194444167	1077.39	6.48011803627
[0, 1, 3, 4, 9]|CSMA|0dBm|Star	80.8133333333	893.2	4.72163009644
[0, 1, 2, 3, 4, 9]|CSMA|0dBm|Star	79.5	1077.39	6.53379607201
[0, 2, 4, 5, 6]|CSMA|0dBm|Star	69.46	893.2	4.78739714622
[0, 2, 3, 4, 5, 7]|CSMA|0dBm|Star	76.32222225	1077.39	6.96328997612
[0, 2, 3, 4, 5, 8]|CSMA|0dBm|Star	62.5666666667	1077.39	6.53845000267
[0, 1, 2, 4, 5, 9]|CSMA|0dBm|Star	80.1611110833	1077.39	6.67993307114
[0, 1, 4, 5, 7, 9]|CSMA|0dBm|Star	82.2111110833	1077.39	6.44321298599
[0, 1, 4, 5, 8, 9]|CSMA|0dBm|Star	67.6694444167	1077.39	6.05148291588
[0, 2, 4, 5, 7, 9]|CSMA|0dBm|Star	79.27777775	1077.39	6.55099391937
[0, 2, 4, 5, 8, 9]|CSMA|0dBm|Star	64.8666666667	1077.39	6.01354598999
[0, 2, 3, 4, 6, 9]|CSMA|0dBm|Star	71.4666666667	1077.39	6.40173387527
[0, 1, 2, 3, 9]|CSMA|0dBm|Star	86.8833333333	893.2	4.82275295258
[0, 2, 3, 6, 8, 9]|CSMA|0dBm|Star	64.10277775	1077.39	6.30038094521
[0, 1, 4, 6, 9]|CSMA|0dBm|Star	74.0433333333	893.2	4.70030498505
[0, 1, 3, 4, 5, 9]|CSMA|0dBm|Star	81.0138889167	1077.39	6.53306603432
[0, 1, 3, 4, 5, 6]|CSMA|0dBm|Star	72.82222225	1077.39	6.55536198616
[0, 2, 4, 5, 6, 7]|CSMA|0dBm|Star	71.4166666667	1077.39	6.47578501701
[0, 2, 4, 5, 6, 8]|CSMA|0dBm|Star	57.6388889167	1077.39	6.17706298828
[0, 1, 3, 4, 6, 9]|CSMA|0dBm|Star	74.7694444167	1077.39	6.49194502831
[0, 1, 4, 5, 7]|CSMA|0dBm|Star	80.8766666667	893.2	4.72097301483
[0, 1, 4, 5, 7, 8]|CSMA|0dBm|Star	66.1361110833	1077.39	5.99757599831
[0, 1, 2, 4, 5, 6]|CSMA|0dBm|Star	72.15	1077.39	6.07992100716
[0, 1, 2, 4, 5, 7]|CSMA|0dBm|Star	79.02222225	1077.39	6.46945095062
[0, 2, 4, 6, 9]|CSMA|0dBm|Star	70.8033333333	893.2	4.80688595772
[0, 2, 4, 6, 7, 9]|CSMA|0dBm|Star	72.225	1077.39	6.99818110466
[0, 2, 3, 7, 9]|CSMA|0dBm|Star	85.2033333333	893.2	5.18073987961
[0, 2, 3, 7, 8, 9]|CSMA|0dBm|Star	69.9333333333	1077.39	6.57571482658
[0, 1, 2, 4, 9]|CSMA|0dBm|Star	79.9466666667	893.2	5.14051413536
[0, 1, 2, 3, 6, 9]|CSMA|0dBm|Star	79.0083333333	1077.39	6.70318412781
[0, 1, 2, 3, 7, 9]|CSMA|0dBm|Star	86.1694444167	1077.39	7.89097714424
[0, 1, 2, 3, 8, 9]|CSMA|0dBm|Star	71.4166666667	1077.39	6.77765417099
[0, 1, 4, 6, 7, 9]|CSMA|0dBm|Star	75.625	1077.39	6.92560601234
[0, 1, 4, 6, 8, 9]|CSMA|0dBm|Star	61.7805555833	1077.39	7.15584492683
[0, 1, 3, 4, 5, 7]|CSMA|0dBm|Star	79.9305555833	1077.39	6.43178391457
[0, 1, 3, 4, 5, 8]|CSMA|0dBm|Star	64.8166666667	1077.39	6.68924880028
[0, 2, 4, 8, 9]|CSMA|0dBm|Star	61.4033333333	893.2	4.43037199974
[0, 1, 3, 5, 9]|CSMA|0dBm|Star	89.1866666667	893.2	4.9598031044
[0, 1, 3, 5, 6, 9]|CSMA|0dBm|Star	81.6	1077.39	7.03765511513
[0, 1, 3, 5, 7, 9]|CSMA|0dBm|Star	88.0388889167	1077.39	6.5264840126
[0, 1, 3, 5, 8, 9]|CSMA|0dBm|Star	72.9666666667	1077.39	6.66387200356
[0, 1, 3, 5, 7]|CSMA|0dBm|Star	87.29	893.2	4.91495609283
[0, 1, 3, 5, 7, 8]|CSMA|0dBm|Star	70.85277775	1077.39	6.45703005791
[0, 1, 4, 5, 6]|CSMA|0dBm|Star	72.9733333333	893.2	4.62252998352
[0, 1, 4, 5, 6, 7]|CSMA|0dBm|Star	73.9861110833	1077.39	6.42696285248
[0, 1, 4, 5, 6, 8]|CSMA|0dBm|Star	60.3611110833	1077.39	6.03088498116
[0, 1, 3, 5, 6]|CSMA|0dBm|Star	79.0666666667	893.2	4.82563090324
[0, 1, 3, 5, 6, 7]|CSMA|0dBm|Star	79.72222225	1077.39	6.46257305145
[0, 1, 3, 5, 6, 8]|CSMA|0dBm|Star	65.1805555833	1077.39	5.99995517731
[0, 1, 3, 5, 8]|CSMA|0dBm|Star	69.11	893.2	4.64035987854
[0, 2, 3, 5, 9]|CSMA|0dBm|Star	85.2333333333	893.2	4.95569705963
[0, 2, 3, 5, 6, 9]|CSMA|0dBm|Star	78.2805555833	1077.39	6.4721159935
[0, 2, 3, 5, 7, 9]|CSMA|0dBm|Star	85.2916666667	1077.39	6.6844420433
[0, 2, 3, 5, 8, 9]|CSMA|0dBm|Star	70.3444444167	1077.39	6.71678900719
[0, 1, 3, 9]|CSMA|0dBm|Star	90.15416665	709.01	3.41961097717
[0, 1, 3, 6, 9]|CSMA|0dBm|Star	80.5333333333	893.2	4.71074390411
[0, 1, 3, 6, 7, 9]|CSMA|0dBm|Star	80.7055555833	1077.39	6.53513908386
[0, 1, 3, 6, 8, 9]|CSMA|0dBm|Star	66.8833333333	1077.39	6.22382903099
[0, 1, 3, 7, 9]|CSMA|0dBm|Star	89.42	893.2	4.92215204239
[0, 1, 3, 7, 8, 9]|CSMA|0dBm|Star	72.62777775	1077.39	6.53462791443
[0, 2, 3, 5, 6]|CSMA|0dBm|Star	75.2466666667	893.2	4.6171939373
[0, 2, 3, 5, 6, 7]|CSMA|0dBm|Star	76.80277775	1077.39	6.31678700447
[0, 2, 3, 5, 6, 8]|CSMA|0dBm|Star	62.4138889167	1077.39	6.06479692459
[0, 2, 3, 5, 8]|CSMA|0dBm|Star	65.6433333333	893.2	4.58816003799
[0, 2, 3, 5, 7]|CSMA|0dBm|Star	83.66	893.2	4.83560299873
[0, 2, 3, 5, 7, 8]|CSMA|0dBm|Star	68.3305555833	1077.39	6.48410797119
[0, 1, 3, 8, 9]|CSMA|0dBm|Star	70.0833333333	893.2	4.6513440609
[0, 1, 2, 4, 5, 8]|CSMA|0dBm|Star	64.62222225	1077.39	6.32284998894
[0, 1, 2, 3, 5, 9]|CSMA|0dBm|Star	85.80277775	1077.39	6.65571498871
[0, 1, 2, 3, 5, 6]|CSMA|0dBm|Star	77.57777775	1077.39	6.57781195641
[0, 1, 2, 3, 5, 7]|CSMA|0dBm|Star	84.4611110833	1077.39	6.62854504585
[0, 1, 2, 3, 5, 8]|CSMA|0dBm|Star	69.37222225	1077.39	6.07027602196
[0, 1, 4, 5, 8]|CSMA|0dBm|Star	63.26	893.2	4.43800783157
[0, 2, 4, 6, 8, 9]|CSMA|0dBm|Star	59.4361110833	1077.39	6.24043488503
[0, 2, 4, 5, 7]|CSMA|0dBm|Star	77.1533333333	893.2	4.85762310028
[0, 2, 4, 5, 7, 8]|CSMA|0dBm|Star	62.8333333333	1077.39	6.48272705078
[0, 2, 4, 5, 8]|CSMA|0dBm|Star	59.68	893.2	4.66152501106
[0, 1, 2, 4, 6, 9]|CSMA|0dBm|Star	73.9861110833	1077.39	6.92642903328
[0, 1, 2, 4, 7, 9]|CSMA|0dBm|Star	80.2388889167	1077.39	8.30762004852
[0, 1, 2, 4, 8, 9]|CSMA|0dBm|Star	66.2888889167	1077.39	6.62229704857
[0, 1, 4, 8, 9]|CSMA|0dBm|Star	64.3	893.2	4.50153517723
[0, 2, 3, 8, 9]|CSMA|0dBm|Star	67.1333333333	893.2	4.72711205482
[0, 2, 3, 4, 7, 9]|CSMA|0dBm|Star	78.0	1077.39	6.3605029583
[0, 2, 3, 4, 8, 9]|CSMA|0dBm|Star	64.07222225	1077.39	6.20402979851
[0, 1, 3, 4, 7, 9]|CSMA|0dBm|Star	80.9583333333	1077.39	6.61010289192
[0, 1, 3, 4, 8, 9]|CSMA|0dBm|Star	66.5944444167	1077.39	5.93244695663
[0, 2, 3, 5]|CSMA|0dBm|Star	83.16666665	709.01	3.48738789558
[0, 1, 3, 5]|TDMA|0dBm|Star	87.97083335	709.009	32.4024839401
[0, 1, 2, 3, 5]|TDMA|0dBm|Star	85.1266666667	893.199	32.0921831131
[0, 2, 3, 4, 5]|TDMA|0dBm|Star	75.98	893.199	31.3944909573
[0, 1, 4, 5]|TDMA|0dBm|Star	79.32083335	709.009	34.0456240177
[0, 1, 4, 9]|TDMA|0dBm|Star	81.3375	709.009	31.4007239342
[0, 2, 4, 5]|TDMA|0dBm|Star	75.01666665	709.009	31.053853035
[0, 2, 4, 9]|TDMA|0dBm|Star	76.925	709.009	30.5650868416
[0, 1, 2, 4, 5]|TDMA|0dBm|Star	78.5033333333	893.199	32.2457761765
[0, 1, 2, 3, 4, 5]|TDMA|0dBm|Star	78.6805555833	1077.39	35.7169959545
[0, 2, 3, 4, 9]|TDMA|0dBm|Star	77.4133333333	893.199	32.3433442116
[0, 2, 3, 4, 5, 9]|TDMA|0dBm|Star	78.8888889167	1077.39	35.4117288589
[0, 1, 4, 7, 9]|TDMA|0dBm|Star	82.2566666667	893.199	32.0830910206
[0, 1, 4, 5, 9]|TDMA|0dBm|Star	82.2366666667	893.199	32.1139068604
[0, 2, 4, 5, 9]|TDMA|0dBm|Star	78.84	893.199	32.2289910316
[0, 2, 4, 7, 9]|TDMA|0dBm|Star	78.7866666667	893.199	32.6944580078
[0, 2, 3, 9]|TDMA|0dBm|Star	85.39166665	709.009	30.6459028721
[0, 2, 3, 6, 9]|TDMA|0dBm|Star	77.4333333333	893.199	37.2210700512
[0, 1, 3, 4, 5]|TDMA|0dBm|Star	79.2833333333	893.199	33.1219060421
[0, 2, 3, 4, 5, 6]|TDMA|0dBm|Star	71.1861110833	1077.39	39.5767960548
[0, 1, 4, 7, 8, 9]|TDMA|0dBm|Star	68.5416666667	1077.39	36.2616679668
[0, 1, 4, 5, 6, 9]|TDMA|0dBm|Star	76.2555555833	1077.39	35.8873250484
[0, 2, 4, 5, 6, 9]|TDMA|0dBm|Star	73.75277775	1077.39	35.8529360294
[0, 2, 4, 7, 8, 9]|TDMA|0dBm|Star	66.3194444167	1077.39	34.7532548904
[0, 2, 3, 6, 7, 9]|TDMA|0dBm|Star	78.8666666667	1077.39	34.5638070107
[0, 1, 3, 4, 9]|TDMA|0dBm|Star	80.6166666667	893.199	32.2203249931
[0, 1, 2, 3, 4, 9]|TDMA|0dBm|Star	79.9194444167	1077.39	35.0667550564
[0, 2, 4, 5, 6]|TDMA|0dBm|Star	69.52	893.199	32.44272995
[0, 2, 3, 4, 5, 7]|TDMA|0dBm|Star	77.5805555833	1077.39	33.6749842167
[0, 2, 3, 4, 5, 8]|TDMA|0dBm|Star	63.8583333333	1077.39	34.4511899948
[0, 1, 2, 4, 5, 9]|TDMA|0dBm|Star	81.0166666667	1077.39	36.7732491493
[0, 1, 4, 5, 7, 9]|TDMA|0dBm|Star	82.9888889167	1077.39	37.3521428108
[0, 1, 4, 5, 8, 9]|TDMA|0dBm|Star	68.6694444167	1077.39	35.5269939899
[0, 2, 4, 5, 7, 9]|TDMA|0dBm|Star	80.2333333333	1077.39	35.7489821911
[0, 2, 4, 5, 8, 9]|TDMA|0dBm|Star	66.0611110833	1077.39	35.0825600624
[0, 2, 3, 4, 6, 9]|TDMA|0dBm|Star	72.5083333333	1077.39	37.1691329479
[0, 1, 2, 3, 9]|TDMA|0dBm|Star	86.8333333333	893.199	33.841947794
[0, 2, 3, 6, 8, 9]|TDMA|0dBm|Star	64.8	1077.39	35.3908908367
[0, 1, 4, 6, 9]|TDMA|0dBm|Star	74.03	893.199	34.5408601761
[0, 1, 3, 4, 5, 9]|TDMA|0dBm|Star	81.62777775	1077.39	35.2993969917
[0, 1, 3, 4, 5, 6]|TDMA|0dBm|Star	73.7305555833	1077.39	35.4581921101
[0, 2, 4, 5, 6, 7]|TDMA|0dBm|Star	72.6944444167	1077.39	35.2678358555
[0, 2, 4, 5, 6, 8]|TDMA|0dBm|Star	59.12777775	1077.39	35.0502049923
[0, 1, 3, 4, 6, 9]|TDMA|0dBm|Star	74.9694444167	1077.39	35.6100721359
[0, 1, 4, 5, 7]|TDMA|0dBm|Star	80.7166666667	893.199	33.1455230713
[0, 1, 4, 5, 7, 8]|TDMA|0dBm|Star	67.2166666667	1077.39	35.966791153
[0, 1, 2, 4, 5, 6]|TDMA|0dBm|Star	73.0166666667	1077.39	36.8708300591
[0, 1, 2, 4, 5, 7]|TDMA|0dBm|Star	79.65277775	1077.39	35.0621008873
[0, 2, 4, 6, 9]|TDMA|0dBm|Star	71.1533333333	893.199	34.9891490936
[0, 2, 4, 6, 7, 9]|TDMA|0dBm|Star	73.5055555833	1077.39	35.110558033
[0, 2, 3, 7, 9]|TDMA|0dBm|Star	85.9066666667	893.199	31.639182806
[0, 2, 3, 7, 8, 9]|TDMA|0dBm|Star	70.9305555833	1077.39	32.5031487942
[0, 1, 2, 4, 9]|TDMA|0dBm|Star	79.98	893.199	33.2295970917
[0, 1, 2, 3, 6, 9]|TDMA|0dBm|Star	79.92777775	1077.39	34.9213750362
[0, 1, 2, 3, 7, 9]|TDMA|0dBm|Star	86.7055555833	1077.39	35.5281448364
[0, 1, 2, 3, 8, 9]|TDMA|0dBm|Star	71.8111110833	1077.39	35.4658031464
[0, 1, 4, 6, 7, 9]|TDMA|0dBm|Star	76.1444444167	1077.39	38.0538880825
[0, 1, 4, 6, 8, 9]|TDMA|0dBm|Star	62.3611110833	1077.39	34.1598420143
[0, 1, 3, 4, 5, 7]|TDMA|0dBm|Star	80.2416666667	1077.39	34.3560628891
[0, 1, 3, 4, 5, 8]|TDMA|0dBm|Star	66.325	1077.39	38.5142729282
[0, 2, 4, 8, 9]|TDMA|0dBm|Star	61.7	893.199	31.7753129005
[0, 1, 3, 5, 9]|TDMA|0dBm|Star	89.3933333333	893.199	36.000950098
[0, 1, 3, 5, 6, 9]|TDMA|0dBm|Star	81.975	1077.39	38.8906588554
[0, 1, 3, 5, 7, 9]|TDMA|0dBm|Star	88.7444444167	1077.39	31.7737488747
[0, 1, 3, 5, 8, 9]|TDMA|0dBm|Star	73.875	1077.39	32.5148551464
[0, 1, 3, 5, 7]|TDMA|0dBm|Star	87.7966666667	893.199	31.5247550011
[0, 1, 3, 5, 7, 8]|TDMA|0dBm|Star	72.3583333333	1077.39	31.4312241077
[0, 1, 4, 5, 6]|TDMA|0dBm|Star	72.79	893.199	30.8178050518
[0, 1, 4, 5, 6, 7]|TDMA|0dBm|Star	74.8611110833	1077.39	33.8112230301
[0, 1, 4, 5, 6, 8]|TDMA|0dBm|Star	61.49722225	1077.39	33.4219479561
[0, 1, 3, 5, 6]|TDMA|0dBm|Star	79.25	893.199	30.8921918869
[0, 1, 3, 5, 6, 7]|TDMA|0dBm|Star	80.6444444167	1077.39	38.0043480396
[0, 1, 3, 5, 6, 8]|TDMA|0dBm|Star	66.3361110833	1077.39	34.9649059772
[0, 1, 3, 5, 8]|TDMA|0dBm|Star	69.12	893.199	32.2758111954
[0, 2, 3, 5, 9]|TDMA|0dBm|Star	85.98	893.199	32.7337629795
[0, 2, 3, 5, 6, 9]|TDMA|0dBm|Star	79.1305555833	1077.39	33.4233601093
[0, 2, 3, 5, 7, 9]|TDMA|0dBm|Star	85.92222225	1077.39	33.5015521049
[0, 2, 3, 5, 8, 9]|TDMA|0dBm|Star	71.2555555833	1077.39	33.5731768608
[0, 1, 3, 9]|TDMA|0dBm|Star	90.16666665	709.009	30.3189411163
[0, 1, 3, 6, 9]|TDMA|0dBm|Star	80.74	893.199	31.1617109776
[0, 1, 3, 6, 7, 9]|TDMA|0dBm|Star	81.72222225	1077.39	33.9515140057
[0, 1, 3, 6, 8, 9]|TDMA|0dBm|Star	67.0194444167	1077.39	33.5676500797
[0, 1, 3, 7, 9]|TDMA|0dBm|Star	89.3466666667	893.199	31.6186621189
[0, 1, 3, 7, 8, 9]|TDMA|0dBm|Star	73.7305555833	1077.39	38.3814411163
[0, 2, 3, 5, 6]|TDMA|0dBm|Star	75.76	893.199	31.092566967
[0, 2, 3, 5, 6, 7]|TDMA|0dBm|Star	77.8916666667	1077.39	32.1900229454
[0, 2, 3, 5, 6, 8]|TDMA|0dBm|Star	64.0555555833	1077.39	32.9786748886
[0, 2, 3, 5, 8]|TDMA|0dBm|Star	66.0533333333	893.199	32.1363949776
[0, 2, 3, 5, 7]|TDMA|0dBm|Star	84.3633333333	893.199	31.3538939953
[0, 2, 3, 5, 7, 8]|TDMA|0dBm|Star	69.7055555833	1077.39	34.8770558834
[0, 1, 3, 8, 9]|TDMA|0dBm|Star	70.49	893.199	30.7017920017
[0, 1, 2, 4, 5, 8]|TDMA|0dBm|Star	65.5694444167	1077.39	31.1388721466
[0, 1, 2, 3, 5, 9]|TDMA|0dBm|Star	86.6944444167	1077.39	31.3629870415
[0, 1, 2, 3, 5, 6]|TDMA|0dBm|Star	78.32222225	1077.39	34.6476039886
[0, 1, 2, 3, 5, 7]|TDMA|0dBm|Star	85.2888889167	1077.39	33.6705441475
[0, 1, 2, 3, 5, 8]|TDMA|0dBm|Star	70.4333333333	1077.39	31.4255199432
[0, 1, 4, 5, 8]|TDMA|0dBm|Star	63.3733333333	893.199	29.333147049
[0, 2, 4, 6, 8, 9]|TDMA|0dBm|Star	60.225	1077.39	33.4623069763
[0, 2, 4, 5, 7]|TDMA|0dBm|Star	77.54	893.199	29.754281044
[0, 2, 4, 5, 7, 8]|TDMA|0dBm|Star	64.92777775	1077.39	35.1520779133
[0, 2, 4, 5, 8]|TDMA|0dBm|Star	60.4333333333	893.199	30.3709039688
[0, 1, 2, 4, 6, 9]|TDMA|0dBm|Star	74.5138889167	1077.39	34.0751919746
[0, 1, 2, 4, 7, 9]|TDMA|0dBm|Star	81.0666666667	1077.39	31.4410991669
[0, 1, 2, 4, 8, 9]|TDMA|0dBm|Star	66.675	1077.39	31.1577210426
[0, 1, 4, 8, 9]|TDMA|0dBm|Star	64.5633333333	893.199	29.3088390827
[0, 2, 3, 8, 9]|TDMA|0dBm|Star	67.6933333333	893.199	29.2942800522
[0, 2, 3, 4, 7, 9]|TDMA|0dBm|Star	78.8138889167	1077.39	31.8692560196
[0, 2, 3, 4, 8, 9]|TDMA|0dBm|Star	64.8083333333	1077.39	33.0646810532
[0, 1, 3, 4, 7, 9]|TDMA|0dBm|Star	81.7444444167	1077.39	31.9202291965
[0, 1, 3, 4, 8, 9]|TDMA|0dBm|Star	67.0805555833	1077.39	32.1223161221
[0, 2, 3, 5]|TDMA|0dBm|Star	83.43333335	709.009	28.4861111641
[0, 1, 3, 5]|CSMA|-20dBm|Mesh	10.5	471.373	2.36391615868
[0, 1, 2, 3, 5]|CSMA|-20dBm|Mesh	12.17	699.505	3.44159889221
[0, 2, 3, 4, 5]|CSMA|-20dBm|Mesh	31.0166666667	996.496	4.71368479729
[0, 1, 4, 5]|CSMA|-20dBm|Mesh	14.49166665	505.075	2.42986607552
[0, 1, 4, 9]|CSMA|-20dBm|Mesh	18.075	547.71	2.54832315445
[0, 2, 4, 5]|CSMA|-20dBm|Mesh	20.82916665	590.128	2.70546007156
[0, 2, 4, 9]|CSMA|-20dBm|Mesh	13.225	525.494	2.40642619133
[0, 1, 2, 4, 5]|CSMA|-20dBm|Mesh	15.5433333333	785.847	3.49514389038
[0, 1, 2, 3, 4, 5]|CSMA|-20dBm|Mesh	21.8333333333	1224.13	5.71715593338
[0, 2, 3, 4, 9]|CSMA|-20dBm|Mesh	25.7	992.936	4.17444801331
[0, 2, 3, 4, 5, 9]|CSMA|-20dBm|Mesh	43.7888889167	1636.33	8.33007001877
[0, 1, 4, 7, 9]|CSMA|-20dBm|Mesh	13.5266666667	751.434	3.39140295982
[0, 1, 4, 5, 9]|CSMA|-20dBm|Mesh	33.2066666667	1017.72	4.71168589592
[0, 2, 4, 5, 9]|CSMA|-20dBm|Mesh	39.12	1111.25	4.870855093
[0, 2, 4, 7, 9]|CSMA|-20dBm|Mesh	10.5933333333	701.04	3.20501708984
[0, 2, 3, 9]|CSMA|-20dBm|Mesh	15.39583335	526.532	2.45476412773
[0, 2, 3, 6, 9]|CSMA|-20dBm|Mesh	19.1333333333	742.712	3.68219995499
[0, 1, 3, 4, 5]|CSMA|-20dBm|Mesh	23.7833333333	924.602	4.10474181175
[0, 2, 3, 4, 5, 6]|CSMA|-20dBm|Mesh	33.15	1487.15	6.58720803261
[0, 1, 4, 7, 8, 9]|CSMA|-20dBm|Mesh	9.25287358333	925.684	4.15720701218
[0, 1, 4, 5, 6, 9]|CSMA|-20dBm|Mesh	35.225	1553.22	7.01283597946
[0, 2, 4, 5, 6, 9]|CSMA|-20dBm|Mesh	43.1944444167	1735.27	7.83530282974
[0, 2, 4, 7, 8, 9]|CSMA|-20dBm|Mesh	7.54938275	846.073	3.96272706985
[0, 2, 3, 6, 7, 9]|CSMA|-20dBm|Mesh	17.2805555833	975.069	5.08928704262
[0, 1, 3, 4, 9]|CSMA|-20dBm|Mesh	28.43	991.89	4.38160300255
[0, 1, 2, 3, 4, 9]|CSMA|-20dBm|Mesh	19.1833333333	1225.15	5.23927211761
[0, 2, 4, 5, 6]|CSMA|-20dBm|Mesh	29.2133333333	1016.25	4.34171199799
[0, 2, 3, 4, 5, 7]|CSMA|-20dBm|Mesh	22.09722225	1262.7	5.44151496887
[0, 2, 3, 4, 5, 8]|CSMA|-20dBm|Mesh	21.4137930833	1258.1	5.24812316895
[0, 1, 2, 4, 5, 9]|CSMA|-20dBm|Mesh	28.52777775	1381.48	6.02472090721
[0, 1, 4, 5, 7, 9]|CSMA|-20dBm|Mesh	24.12222225	1334.74	5.60931706429
[0, 1, 4, 5, 8, 9]|CSMA|-20dBm|Mesh	22.1305555833	1293.01	5.47974014282
[0, 2, 4, 5, 7, 9]|CSMA|-20dBm|Mesh	28.1138889167	1433.33	6.01244592667
[0, 2, 4, 5, 8, 9]|CSMA|-20dBm|Mesh	26.3916666667	1427.72	5.73038005829
[0, 2, 3, 4, 6, 9]|CSMA|-20dBm|Mesh	24.49722225	1302.55	5.57541584969
[0, 1, 2, 3, 9]|CSMA|-20dBm|Mesh	13.2433333333	714.721	3.38727498055
[0, 2, 3, 6, 8, 9]|CSMA|-20dBm|Mesh	13.55277775	936.672	4.7301030159
[0, 1, 4, 6, 9]|CSMA|-20dBm|Mesh	16.07	790.103	3.81281685829
[0, 1, 3, 4, 5, 9]|CSMA|-20dBm|Mesh	39.125	1534.75	7.70535683632
[0, 1, 3, 4, 5, 6]|CSMA|-20dBm|Mesh	23.87222225	1254.53	6.25718188286
[0, 2, 4, 5, 6, 7]|CSMA|-20dBm|Mesh	24.7444444167	1324.69	6.03907418251
[0, 2, 4, 5, 6, 8]|CSMA|-20dBm|Mesh	20.41954025	1273.34	5.19008302689
[0, 1, 3, 4, 6, 9]|CSMA|-20dBm|Mesh	22.1	1267.89	5.50149917603
[0, 1, 4, 5, 7]|CSMA|-20dBm|Mesh	11.0133333333	666.349	3.07029986382
[0, 1, 4, 5, 7, 8]|CSMA|-20dBm|Mesh	7.66071425	813.288	3.91647005081
[0, 1, 2, 4, 5, 6]|CSMA|-20dBm|Mesh	20.99722225	1282.54	5.17058682442
[0, 1, 2, 4, 5, 7]|CSMA|-20dBm|Mesh	11.67777775	974.22	4.46101784706
[0, 2, 4, 6, 9]|CSMA|-20dBm|Mesh	17.8166666667	794.921	3.43032503128
[0, 2, 4, 6, 7, 9]|CSMA|-20dBm|Mesh	16.17777775	1025.65	4.65869688988
[0, 2, 3, 7, 9]|CSMA|-20dBm|Mesh	11.9433333333	709.344	3.51857089996
[0, 2, 3, 7, 8, 9]|CSMA|-20dBm|Mesh	8.37962966667	860.971	3.92440581322
[0, 1, 2, 4, 9]|CSMA|-20dBm|Mesh	12.0666666667	716.604	3.5251019001
[0, 1, 2, 3, 6, 9]|CSMA|-20dBm|Mesh	15.6388889167	962.3	5.44551086426
[0, 1, 2, 3, 7, 9]|CSMA|-20dBm|Mesh	10.6444444167	908.229	4.27367901802
[0, 1, 2, 3, 8, 9]|CSMA|-20dBm|Mesh	9.12068966667	874.85	4.0601439476
[0, 1, 4, 6, 7, 9]|CSMA|-20dBm|Mesh	14.6388889167	1012.54	4.46517086029
[0, 1, 4, 6, 8, 9]|CSMA|-20dBm|Mesh	11.7816091667	989.036	4.13899803162
[0, 1, 3, 4, 5, 7]|CSMA|-20dBm|Mesh	16.72222225	1156.86	5.0020608902
[0, 1, 3, 4, 5, 8]|CSMA|-20dBm|Mesh	17.5154320833	1147.07	4.90065407753
[0, 2, 4, 8, 9]|CSMA|-20dBm|Mesh	8.5754386	674.936	2.95846605301
[0, 1, 3, 5, 9]|CSMA|-20dBm|Mesh	30.3966666667	928.444	4.6712501049
[0, 1, 3, 5, 6, 9]|CSMA|-20dBm|Mesh	32.4833333333	1432.06	6.47763609886
[0, 1, 3, 5, 7, 9]|CSMA|-20dBm|Mesh	22.4083333333	1198.84	5.64731097221
[0, 1, 3, 5, 8, 9]|CSMA|-20dBm|Mesh	20.6611110833	1184.28	5.2390768528
[0, 1, 3, 5, 7]|CSMA|-20dBm|Mesh	8.46666666667	631.171	3.07719612122
[0, 1, 3, 5, 7, 8]|CSMA|-20dBm|Mesh	6.125	781.189	3.76416802406
[0, 1, 4, 5, 6]|CSMA|-20dBm|Mesh	18.6966666667	851.384	3.49741292
[0, 1, 4, 5, 6, 7]|CSMA|-20dBm|Mesh	16.3638889167	1080.57	4.8460021019
[0, 1, 4, 5, 6, 8]|CSMA|-20dBm|Mesh	13.3660714167	1047.53	4.29772996902
[0, 1, 3, 5, 6]|CSMA|-20dBm|Mesh	14.8066666667	774.256	3.34036302567
[0, 1, 3, 5, 6, 7]|CSMA|-20dBm|Mesh	13.6111110833	989.544	4.57196807861
[0, 1, 3, 5, 6, 8]|CSMA|-20dBm|Mesh	10.5977011667	953.952	4.15886211395
[0, 1, 3, 5, 8]|CSMA|-20dBm|Mesh	6.99298246667	603.183	2.87480187416
[0, 2, 3, 5, 9]|CSMA|-20dBm|Mesh	35.86	1018.27	4.51894187927
[0, 2, 3, 5, 6, 9]|CSMA|-20dBm|Mesh	40.5638889167	1638.2	7.40554499626
[0, 2, 3, 5, 7, 9]|CSMA|-20dBm|Mesh	25.9333333333	1293.52	5.82795000076
[0, 2, 3, 5, 8, 9]|CSMA|-20dBm|Mesh	23.7471264167	1274.53	5.51349616051
[0, 1, 3, 9]|CSMA|-20dBm|Mesh	20.78333335	547.278	2.59724617004
[0, 1, 3, 6, 9]|CSMA|-20dBm|Mesh	18.2233333333	755.274	3.54507398605
[0, 1, 3, 6, 7, 9]|CSMA|-20dBm|Mesh	15.775	964.941	4.77557516098
[0, 1, 3, 6, 8, 9]|CSMA|-20dBm|Mesh	12.6666666667	923.728	4.49689507484
[0, 1, 3, 7, 9]|CSMA|-20dBm|Mesh	15.0033333333	742.29	3.66754007339
[0, 1, 3, 7, 8, 9]|CSMA|-20dBm|Mesh	10.3189655	910.273	4.30921697617
[0, 2, 3, 5, 6]|CSMA|-20dBm|Mesh	23.8966666667	937.726	4.23198604584
[0, 2, 3, 5, 6, 7]|CSMA|-20dBm|Mesh	21.4638889167	1244.56	5.90638494492
[0, 2, 3, 5, 6, 8]|CSMA|-20dBm|Mesh	16.6083333333	1188.62	5.25210404396
[0, 2, 3, 5, 8]|CSMA|-20dBm|Mesh	9.24333333333	702.854	3.24148082733
[0, 2, 3, 5, 7]|CSMA|-20dBm|Mesh	11.4933333333	710.741	3.40303301811
[0, 2, 3, 5, 7, 8]|CSMA|-20dBm|Mesh	7.19166666667	858.162	4.35740709305
[0, 1, 3, 8, 9]|CSMA|-20dBm|Mesh	12.9733333333	713.394	3.44820713997
[0, 1, 2, 4, 5, 8]|CSMA|-20dBm|Mesh	11.2253086667	948.931	4.45302891731
[0, 1, 2, 3, 5, 9]|CSMA|-20dBm|Mesh	26.17222225	1250.53	6.23235988617
[0, 1, 2, 3, 5, 6]|CSMA|-20dBm|Mesh	17.8888889167	1178.06	5.33703279495
[0, 1, 2, 3, 5, 7]|CSMA|-20dBm|Mesh	9.69444441667	877.153	4.49201107025
[0, 1, 2, 3, 5, 8]|CSMA|-20dBm|Mesh	8.76785716667	860.379	4.13914299011
[0, 1, 4, 5, 8]|CSMA|-20dBm|Mesh	9.18245613333	659.858	3.03758406639
[0, 2, 4, 6, 8, 9]|CSMA|-20dBm|Mesh	12.02777775	972.433	4.30612802505
[0, 2, 4, 5, 7]|CSMA|-20dBm|Mesh	15.2033333333	796.035	3.51012086868
[0, 2, 4, 5, 7, 8]|CSMA|-20dBm|Mesh	10.0086206667	966.385	4.3263759613
[0, 2, 4, 5, 8]|CSMA|-20dBm|Mesh	13.7333333333	780.4	3.25032687187
[0, 1, 2, 4, 6, 9]|CSMA|-20dBm|Mesh	14.3694444167	1006.66	4.52913689613
[0, 1, 2, 4, 7, 9]|CSMA|-20dBm|Mesh	9.68055558333	922.789	4.18261289597
[0, 1, 2, 4, 8, 9]|CSMA|-20dBm|Mesh	8.7261905	889.497	4.48278689384
[0, 1, 4, 8, 9]|CSMA|-20dBm|Mesh	11.9543859333	719.677	3.49934196472
[0, 2, 3, 8, 9]|CSMA|-20dBm|Mesh	10.7666666667	703.202	3.35504293442
[0, 2, 3, 4, 7, 9]|CSMA|-20dBm|Mesh	18.92777775	1264.49	5.78398489952
[0, 2, 3, 4, 8, 9]|CSMA|-20dBm|Mesh	19.5401234167	1288.5	5.28412294388
[0, 1, 3, 4, 7, 9]|CSMA|-20dBm|Mesh	19.6194444167	1238.43	5.34662604332
[0, 1, 3, 4, 8, 9]|CSMA|-20dBm|Mesh	19.4396551667	1256.4	5.12087106705
[0, 2, 3, 5]|CSMA|-20dBm|Mesh	14.47083335	532.793	2.39810609818
[0, 1, 3, 5]|TDMA|-20dBm|Mesh	10.54583335	473.06	25.9414260387
[0, 1, 2, 3, 5]|TDMA|-20dBm|Mesh	12.6633333333	716.046	27.218542099
[0, 2, 3, 4, 5]|TDMA|-20dBm|Mesh	31.6866666667	1001.52	30.2566258907
[0, 1, 4, 5]|TDMA|-20dBm|Mesh	14.08333335	504.203	27.056625843
[0, 1, 4, 9]|TDMA|-20dBm|Mesh	18.73333335	550.541	26.2899529934
[0, 2, 4, 5]|TDMA|-20dBm|Mesh	21.15416665	591.05	25.9455859661
[0, 2, 4, 9]|TDMA|-20dBm|Mesh	13.85416665	525.057	27.3569710255
[0, 1, 2, 4, 5]|TDMA|-20dBm|Mesh	16.01	793.662	30.730107069
[0, 1, 2, 3, 4, 5]|TDMA|-20dBm|Mesh	23.22222225	1269.85	31.6701049805
[0, 2, 3, 4, 9]|TDMA|-20dBm|Mesh	26.5666666667	1022.25	28.118833065
[0, 2, 3, 4, 5, 9]|TDMA|-20dBm|Mesh	48.3555555833	1753.75	31.8849377632
[0, 1, 4, 7, 9]|TDMA|-20dBm|Mesh	13.5666666667	753.666	32.7641949654
[0, 1, 4, 5, 9]|TDMA|-20dBm|Mesh	34.6633333333	1050.87	36.7848978043
[0, 2, 4, 5, 9]|TDMA|-20dBm|Mesh	40.26	1150.4	28.422385931
[0, 2, 4, 7, 9]|TDMA|-20dBm|Mesh	10.98	712.137	26.9925289154
[0, 2, 3, 9]|TDMA|-20dBm|Mesh	15.49583335	529.686	26.0486998558
[0, 2, 3, 6, 9]|TDMA|-20dBm|Mesh	19.98	755.831	28.5125150681
[0, 1, 3, 4, 5]|TDMA|-20dBm|Mesh	24.4333333333	936.328	28.9973909855
[0, 2, 3, 4, 5, 6]|TDMA|-20dBm|Mesh	34.8583333333	1561.91	32.4794290066
[0, 1, 4, 7, 8, 9]|TDMA|-20dBm|Mesh	9.07222225	923.299	29.540899992
[0, 1, 4, 5, 6, 9]|TDMA|-20dBm|Mesh	37.65	1674.56	33.1060080528
[0, 2, 4, 5, 6, 9]|TDMA|-20dBm|Mesh	48.54722225	1965.76	39.0168278217
[0, 2, 4, 7, 8, 9]|TDMA|-20dBm|Mesh	7.88988091667	866.082	28.2863850594
[0, 2, 3, 6, 7, 9]|TDMA|-20dBm|Mesh	18.6333333333	1021.39	29.3393528461
[0, 1, 3, 4, 9]|TDMA|-20dBm|Mesh	28.6166666667	989.445	28.0067169666
[0, 1, 2, 3, 4, 9]|TDMA|-20dBm|Mesh	20.7138889167	1297.95	30.2529709339
[0, 2, 4, 5, 6]|TDMA|-20dBm|Mesh	29.52	1020.09	28.2714250088
[0, 2, 3, 4, 5, 7]|TDMA|-20dBm|Mesh	22.84722225	1296.5	31.3721408844
[0, 2, 3, 4, 5, 8]|TDMA|-20dBm|Mesh	22.1436781667	1291.65	31.8756160736
[0, 1, 2, 4, 5, 9]|TDMA|-20dBm|Mesh	31.4111110833	1467.74	31.8881201744
[0, 1, 4, 5, 7, 9]|TDMA|-20dBm|Mesh	26.04722225	1370.41	34.2824950218
[0, 1, 4, 5, 8, 9]|TDMA|-20dBm|Mesh	23.375	1339.59	30.4663569927
[0, 2, 4, 5, 7, 9]|TDMA|-20dBm|Mesh	30.3444444167	1476.84	33.741713047
[0, 2, 4, 5, 8, 9]|TDMA|-20dBm|Mesh	27.8166666667	1456.66	31.3109929562
[0, 2, 3, 4, 6, 9]|TDMA|-20dBm|Mesh	26.8916666667	1362.15	30.487249136
[0, 1, 2, 3, 9]|TDMA|-20dBm|Mesh	13.6566666667	718.907	27.7443578243
[0, 2, 3, 6, 8, 9]|TDMA|-20dBm|Mesh	14.15277775	945.61	31.3474330902
[0, 1, 4, 6, 9]|TDMA|-20dBm|Mesh	16.8666666667	805.737	27.9393491745
[0, 1, 3, 4, 5, 9]|TDMA|-20dBm|Mesh	41.7305555833	1662.47	34.1774671078
[0, 1, 3, 4, 5, 6]|TDMA|-20dBm|Mesh	25.0388889167	1284.75	30.9836280346
[0, 2, 4, 5, 6, 7]|TDMA|-20dBm|Mesh	26.425	1391.35	30.6962618828
[0, 2, 4, 5, 6, 8]|TDMA|-20dBm|Mesh	20.7555555833	1322.39	30.8267939091
[0, 1, 3, 4, 6, 9]|TDMA|-20dBm|Mesh	24.5444444167	1333.03	30.5736629963
[0, 1, 4, 5, 7]|TDMA|-20dBm|Mesh	10.85	675.351	27.9170539379
[0, 1, 4, 5, 7, 8]|TDMA|-20dBm|Mesh	8.10493825	826.229	30.3077659607
[0, 1, 2, 4, 5, 6]|TDMA|-20dBm|Mesh	22.42222225	1332.27	30.5870318413
[0, 1, 2, 4, 5, 7]|TDMA|-20dBm|Mesh	12.375	989.631	29.1609859467
[0, 2, 4, 6, 9]|TDMA|-20dBm|Mesh	18.6133333333	802.038	28.330769062
[0, 2, 4, 6, 7, 9]|TDMA|-20dBm|Mesh	17.6	1054.68	30.2329061031
[0, 2, 3, 7, 9]|TDMA|-20dBm|Mesh	12.3066666667	712.275	29.6649968624
[0, 2, 3, 7, 8, 9]|TDMA|-20dBm|Mesh	9.04807691667	881.831	30.3341701031
[0, 1, 2, 4, 9]|TDMA|-20dBm|Mesh	12.3333333333	719.535	28.8694489002
[0, 1, 2, 3, 6, 9]|TDMA|-20dBm|Mesh	16.4361110833	973.964	30.2462010384
[0, 1, 2, 3, 7, 9]|TDMA|-20dBm|Mesh	10.7916666667	924.321	29.5116119385
[0, 1, 2, 3, 8, 9]|TDMA|-20dBm|Mesh	9.67857141667	885.492	31.2079370022
[0, 1, 4, 6, 7, 9]|TDMA|-20dBm|Mesh	15.74722225	1059.62	31.8409628868
[0, 1, 4, 6, 8, 9]|TDMA|-20dBm|Mesh	11.7666666667	1017.65	30.0715780258
[0, 1, 3, 4, 5, 7]|TDMA|-20dBm|Mesh	17.5166666667	1197.47	32.2013700008
[0, 1, 3, 4, 5, 8]|TDMA|-20dBm|Mesh	17.15178575	1178.74	29.8448150158
[0, 2, 4, 8, 9]|TDMA|-20dBm|Mesh	8.9263158	690.988	28.8707370758
[0, 1, 3, 5, 9]|TDMA|-20dBm|Mesh	31.0866666667	945.264	30.2059731483
[0, 1, 3, 5, 6, 9]|TDMA|-20dBm|Mesh	35.1	1527.85	32.6255431175
[0, 1, 3, 5, 7, 9]|TDMA|-20dBm|Mesh	24.1583333333	1253.84	31.4568109512
[0, 1, 3, 5, 8, 9]|TDMA|-20dBm|Mesh	21.725	1215.02	32.6246340275
[0, 1, 3, 5, 7]|TDMA|-20dBm|Mesh	8.35666666667	636.684	28.8125221729
[0, 1, 3, 5, 7, 8]|TDMA|-20dBm|Mesh	6.2314815	776.164	29.9577791691
[0, 1, 4, 5, 6]|TDMA|-20dBm|Mesh	18.32	839.098	29.2330679893
[0, 1, 4, 5, 6, 7]|TDMA|-20dBm|Mesh	17.2055555833	1121.01	30.7822132111
[0, 1, 4, 5, 6, 8]|TDMA|-20dBm|Mesh	13.5201149167	1066.01	30.0363841057
[0, 1, 3, 5, 6]|TDMA|-20dBm|Mesh	14.2933333333	771.324	28.8851778507
[0, 1, 3, 5, 6, 7]|TDMA|-20dBm|Mesh	14.9166666667	1028.8	31.3140220642
[0, 1, 3, 5, 6, 8]|TDMA|-20dBm|Mesh	10.8045976667	974.642	29.9072041512
[0, 1, 3, 5, 8]|TDMA|-20dBm|Mesh	7.29629626667	601.366	28.4593040943
[0, 2, 3, 5, 9]|TDMA|-20dBm|Mesh	36.9466666667	1041.3	30.0634908676
[0, 2, 3, 5, 6, 9]|TDMA|-20dBm|Mesh	44.27222225	1764.81	33.6658380032
[0, 2, 3, 5, 7, 9]|TDMA|-20dBm|Mesh	27.90277775	1356.78	32.102025032
[0, 2, 3, 5, 8, 9]|TDMA|-20dBm|Mesh	24.975	1313.7	31.7742140293
[0, 1, 3, 9]|TDMA|-20dBm|Mesh	21.1875	547.056	27.0782399178
[0, 1, 3, 6, 9]|TDMA|-20dBm|Mesh	19.01	765.882	27.3583979607
[0, 1, 3, 6, 7, 9]|TDMA|-20dBm|Mesh	17.2555555833	988.014	29.8264598846
[0, 1, 3, 6, 8, 9]|TDMA|-20dBm|Mesh	12.8333333333	943.992	29.1646327972
[0, 1, 3, 7, 9]|TDMA|-20dBm|Mesh	15.7866666667	753.596	27.2326040268
[0, 1, 3, 7, 8, 9]|TDMA|-20dBm|Mesh	11.1220238333	929.345	27.9992339611
[0, 2, 3, 5, 6]|TDMA|-20dBm|Mesh	23.9033333333	957.476	28.0462691784
[0, 2, 3, 5, 6, 7]|TDMA|-20dBm|Mesh	22.1416666667	1270.19	30.0199439526
[0, 2, 3, 5, 6, 8]|TDMA|-20dBm|Mesh	16.8333333333	1213.48	28.7766292095
[0, 2, 3, 5, 8]|TDMA|-20dBm|Mesh	9.8210526	698.035	26.9196751118
[0, 2, 3, 5, 7]|TDMA|-20dBm|Mesh	11.5233333333	710.39	28.4982361794
[0, 2, 3, 5, 7, 8]|TDMA|-20dBm|Mesh	7.92222225	890.346	29.5198431015
[0, 1, 3, 8, 9]|TDMA|-20dBm|Mesh	13.4736842	718.209	28.079955101
[0, 1, 2, 4, 5, 8]|TDMA|-20dBm|Mesh	11.0775861667	979.668	28.2076690197
[0, 1, 2, 3, 5, 9]|TDMA|-20dBm|Mesh	27.67222225	1316.26	31.3291239738
[0, 1, 2, 3, 5, 6]|TDMA|-20dBm|Mesh	18.79722225	1194.92	28.9763128757
[0, 1, 2, 3, 5, 7]|TDMA|-20dBm|Mesh	9.81388891667	894.861	28.2071139812
[0, 1, 2, 3, 5, 8]|TDMA|-20dBm|Mesh	8.51724141667	861.568	28.3514721394
[0, 1, 4, 5, 8]|TDMA|-20dBm|Mesh	10.0296296	662.648	29.4895558357
[0, 2, 4, 6, 8, 9]|TDMA|-20dBm|Mesh	13.0111110833	1024.88	28.9082808495
[0, 2, 4, 5, 7]|TDMA|-20dBm|Mesh	15.5333333333	802.733	27.2724699974
[0, 2, 4, 5, 7, 8]|TDMA|-20dBm|Mesh	10.4916666667	984.093	28.4436788559
[0, 2, 4, 5, 8]|TDMA|-20dBm|Mesh	13.2033333333	786.191	27.1996700764
[0, 1, 2, 4, 6, 9]|TDMA|-20dBm|Mesh	15.3833333333	1044.04	34.4793128967
[0, 1, 2, 4, 7, 9]|TDMA|-20dBm|Mesh	10.04722225	934.794	31.840898037
[0, 1, 2, 4, 8, 9]|TDMA|-20dBm|Mesh	8.24722225	882.599	28.5577638149
[0, 1, 4, 8, 9]|TDMA|-20dBm|Mesh	11.32	722.187	26.8203558922
[0, 2, 3, 8, 9]|TDMA|-20dBm|Mesh	9.89122806667	696.849	26.9209210873
[0, 2, 3, 4, 7, 9]|TDMA|-20dBm|Mesh	19.9611110833	1309.87	29.4335091114
[0, 2, 3, 4, 8, 9]|TDMA|-20dBm|Mesh	18.8333333333	1296.84	28.9073731899
[0, 1, 3, 4, 7, 9]|TDMA|-20dBm|Mesh	21.0444444167	1266.1	29.5615110397
[0, 1, 3, 4, 8, 9]|TDMA|-20dBm|Mesh	19.3861110833	1268.15	29.4737069607
[0, 2, 3, 5]|TDMA|-20dBm|Mesh	15.39583335	537.798	26.2711811066
[0, 1, 3, 5]|CSMA|-10dBm|Mesh	80.25416665	993.519	5.00372099876
[0, 1, 2, 3, 5]|CSMA|-10dBm|Mesh	84.9133333333	1889.1	9.74451184273
[0, 2, 3, 4, 5]|CSMA|-10dBm|Mesh	92.44	2329.73	12.0229580402
[0, 1, 4, 5]|CSMA|-10dBm|Mesh	73.54166665	906.813	4.20915699005
[0, 1, 4, 9]|CSMA|-10dBm|Mesh	77.1875	974.918	4.64822101593
[0, 2, 4, 5]|CSMA|-10dBm|Mesh	84.19166665	1105.12	5.29167294502
[0, 2, 4, 9]|CSMA|-10dBm|Mesh	75.91666665	925.244	4.41523003578
[0, 1, 2, 4, 5]|CSMA|-10dBm|Mesh	82.0666666667	1837.59	9.0770509243
[0, 1, 2, 3, 4, 5]|CSMA|-10dBm|Mesh	87.9444444167	3376.95	17.4361789227
[0, 2, 3, 4, 9]|CSMA|-10dBm|Mesh	90.3966666667	2221.77	10.6732401848
[0, 2, 3, 4, 5, 9]|CSMA|-10dBm|Mesh	94.2138889167	4213.45	23.7457470894
[0, 1, 4, 7, 9]|CSMA|-10dBm|Mesh	75.7633333333	1731.0	8.84837913513
[0, 1, 4, 5, 9]|CSMA|-10dBm|Mesh	90.9933333333	2189.15	12.7118909359
[0, 2, 4, 5, 9]|CSMA|-10dBm|Mesh	93.4033333333	2394.11	12.582267046
[0, 2, 4, 7, 9]|CSMA|-10dBm|Mesh	78.5833333333	1663.68	8.89059591293
[0, 2, 3, 9]|CSMA|-10dBm|Mesh	79.3875	1025.38	5.10875201225
[0, 2, 3, 6, 9]|CSMA|-10dBm|Mesh	87.4033333333	1966.44	10.7924349308
[0, 1, 3, 4, 5]|CSMA|-10dBm|Mesh	87.1533333333	1938.11	10.0540299416
[0, 2, 3, 4, 5, 6]|CSMA|-10dBm|Mesh	90.5166666667	3796.37	20.3759679794
[0, 1, 4, 7, 8, 9]|CSMA|-10dBm|Mesh	62.87222225	2344.95	10.9613039494
[0, 1, 4, 5, 6, 9]|CSMA|-10dBm|Mesh	87.7166666667	3468.01	17.9284780025
[0, 2, 4, 5, 6, 9]|CSMA|-10dBm|Mesh	90.6638889167	3917.84	21.0573508739
[0, 2, 4, 7, 8, 9]|CSMA|-10dBm|Mesh	64.275	2270.4	10.7207710743
[0, 2, 3, 6, 7, 9]|CSMA|-10dBm|Mesh	87.3888889167	3063.18	18.1127929688
[0, 1, 3, 4, 9]|CSMA|-10dBm|Mesh	90.06	2088.49	10.3538038731
[0, 1, 2, 3, 4, 9]|CSMA|-10dBm|Mesh	85.1805555833	3152.59	15.6200830936
[0, 2, 4, 5, 6]|CSMA|-10dBm|Mesh	87.4033333333	2165.25	10.9859230518
[0, 2, 3, 4, 5, 7]|CSMA|-10dBm|Mesh	87.9611110833	3451.59	18.6839940548
[0, 2, 3, 4, 5, 8]|CSMA|-10dBm|Mesh	74.8833333333	3149.12	15.951832056
[0, 1, 2, 4, 5, 9]|CSMA|-10dBm|Mesh	88.275	3445.07	17.706138134
[0, 1, 4, 5, 7, 9]|CSMA|-10dBm|Mesh	85.1944444167	3301.09	17.8988919258
[0, 1, 4, 5, 8, 9]|CSMA|-10dBm|Mesh	76.7305555833	3034.51	14.7703080177
[0, 2, 4, 5, 7, 9]|CSMA|-10dBm|Mesh	88.67777775	3535.09	19.374972105
[0, 2, 4, 5, 8, 9]|CSMA|-10dBm|Mesh	79.9583333333	3250.52	15.6876571178
[0, 2, 3, 4, 6, 9]|CSMA|-10dBm|Mesh	89.0111110833	3387.98	17.4940509796
[0, 1, 2, 3, 9]|CSMA|-10dBm|Mesh	80.62	1817.49	9.15305495262
[0, 2, 3, 6, 8, 9]|CSMA|-10dBm|Mesh	77.6	2681.3	14.1116330624
[0, 1, 4, 6, 9]|CSMA|-10dBm|Mesh	76.46	1672.55	7.63482284546
[0, 1, 3, 4, 5, 9]|CSMA|-10dBm|Mesh	92.9916666667	3900.9	22.0467898846
[0, 1, 3, 4, 5, 6]|CSMA|-10dBm|Mesh	85.2944444167	3068.92	16.3560128212
[0, 2, 4, 5, 6, 7]|CSMA|-10dBm|Mesh	86.3611110833	3386.16	19.0663077831
[0, 2, 4, 5, 6, 8]|CSMA|-10dBm|Mesh	77.8944444167	3064.31	15.9914770126
[0, 1, 3, 4, 6, 9]|CSMA|-10dBm|Mesh	84.9583333333	3081.26	17.8599660397
[0, 1, 4, 5, 7]|CSMA|-10dBm|Mesh	75.4066666667	1594.64	8.33730602264
[0, 1, 4, 5, 7, 8]|CSMA|-10dBm|Mesh	62.5111110833	2207.22	11.2063100338
[0, 1, 2, 4, 5, 6]|CSMA|-10dBm|Mesh	83.4055555833	3138.95	17.3904430866
[0, 1, 2, 4, 5, 7]|CSMA|-10dBm|Mesh	81.625	2902.18	14.9161720276
[0, 2, 4, 6, 9]|CSMA|-10dBm|Mesh	82.43	1725.77	8.76399493217
[0, 2, 4, 6, 7, 9]|CSMA|-10dBm|Mesh	83.075	2861.08	15.0008261204
[0, 2, 3, 7, 9]|CSMA|-10dBm|Mesh	83.2433333333	1858.91	9.40257692337
[0, 2, 3, 7, 8, 9]|CSMA|-10dBm|Mesh	68.35	2509.52	13.6774260998
[0, 1, 2, 4, 9]|CSMA|-10dBm|Mesh	75.9466666667	1611.38	8.88713288307
[0, 1, 2, 3, 6, 9]|CSMA|-10dBm|Mesh	82.7611110833	2780.18	16.3090369701
[0, 1, 2, 3, 7, 9]|CSMA|-10dBm|Mesh	80.2416666667	2867.33	15.6032218933
[0, 1, 2, 3, 8, 9]|CSMA|-10dBm|Mesh	63.9861110833	2427.84	12.7131421566
[0, 1, 4, 6, 7, 9]|CSMA|-10dBm|Mesh	78.0055555833	2710.67	14.9822740555
[0, 1, 4, 6, 8, 9]|CSMA|-10dBm|Mesh	68.59722225	2416.98	11.7810111046
[0, 1, 3, 4, 5, 7]|CSMA|-10dBm|Mesh	83.4055555833	2925.64	16.6650819778
[0, 1, 3, 4, 5, 8]|CSMA|-10dBm|Mesh	70.1055555833	2615.79	13.8783969879
[0, 2, 4, 8, 9]|CSMA|-10dBm|Mesh	60.2566666667	1414.07	6.86782813072
[0, 1, 3, 5, 9]|CSMA|-10dBm|Mesh	92.2766666667	2218.69	12.8287520409
[0, 1, 3, 5, 6, 9]|CSMA|-10dBm|Mesh	89.95277775	3618.42	22.2575080395
[0, 1, 3, 5, 7, 9]|CSMA|-10dBm|Mesh	87.3083333333	3482.26	21.145154953
[0, 1, 3, 5, 8, 9]|CSMA|-10dBm|Mesh	78.0944444167	3058.32	17.0301139355
[0, 1, 3, 5, 7]|CSMA|-10dBm|Mesh	81.3566666667	1817.7	9.70639395714
[0, 1, 3, 5, 7, 8]|CSMA|-10dBm|Mesh	66.8444444167	2433.05	13.1864309311
[0, 1, 4, 5, 6]|CSMA|-10dBm|Mesh	75.7933333333	1628.76	7.56398487091
[0, 1, 4, 5, 6, 7]|CSMA|-10dBm|Mesh	78.87777775	2671.91	13.5227642059
[0, 1, 4, 5, 6, 8]|CSMA|-10dBm|Mesh	68.7916666667	2392.39	10.9173309803
[0, 1, 3, 5, 6]|CSMA|-10dBm|Mesh	82.7666666667	1829.65	9.35194301605
[0, 1, 3, 5, 6, 7]|CSMA|-10dBm|Mesh	83.5805555833	2939.54	16.1438069344
[0, 1, 3, 5, 6, 8]|CSMA|-10dBm|Mesh	73.7388889167	2627.43	13.6718878746
[0, 1, 3, 5, 8]|CSMA|-10dBm|Mesh	63.4566666667	1497.91	7.38043403625
[0, 2, 3, 5, 9]|CSMA|-10dBm|Mesh	93.7466666667	2399.19	13.5127799511
[0, 2, 3, 5, 6, 9]|CSMA|-10dBm|Mesh	91.92222225	4054.09	22.9032139778
[0, 2, 3, 5, 7, 9]|CSMA|-10dBm|Mesh	89.29722225	3676.11	21.5450861454
[0, 2, 3, 5, 8, 9]|CSMA|-10dBm|Mesh	79.95277775	3242.44	18.0118529797
[0, 1, 3, 9]|CSMA|-10dBm|Mesh	85.0	1069.94	5.77410292625
[0, 1, 3, 6, 9]|CSMA|-10dBm|Mesh	83.8966666667	1807.47	10.204433918
[0, 1, 3, 6, 7, 9]|CSMA|-10dBm|Mesh	84.5166666667	2977.69	16.5887289047
[0, 1, 3, 6, 8, 9]|CSMA|-10dBm|Mesh	74.09722225	2578.25	12.8056950569
[0, 1, 3, 7, 9]|CSMA|-10dBm|Mesh	84.0966666667	1963.43	9.75013685226
[0, 1, 3, 7, 8, 9]|CSMA|-10dBm|Mesh	68.325	2620.22	12.539470911
[0, 2, 3, 5, 6]|CSMA|-10dBm|Mesh	90.02	2285.94	11.7717680931
[0, 2, 3, 5, 6, 7]|CSMA|-10dBm|Mesh	88.3666666667	3604.17	20.0765769482
[0, 2, 3, 5, 6, 8]|CSMA|-10dBm|Mesh	79.85	3218.37	16.0138139725
[0, 2, 3, 5, 8]|CSMA|-10dBm|Mesh	69.5433333333	1757.75	8.03715586662
[0, 2, 3, 5, 7]|CSMA|-10dBm|Mesh	87.9933333333	2091.21	10.9006900787
[0, 2, 3, 5, 7, 8]|CSMA|-10dBm|Mesh	72.42222225	2800.08	14.3946051598
[0, 1, 3, 8, 9]|CSMA|-10dBm|Mesh	66.8266666667	1623.83	8.11523890495
[0, 1, 2, 4, 5, 8]|CSMA|-10dBm|Mesh	67.4083333333	2537.06	11.7758159637
[0, 1, 2, 3, 5, 9]|CSMA|-10dBm|Mesh	89.0861110833	3470.53	19.2077288628
[0, 1, 2, 3, 5, 6]|CSMA|-10dBm|Mesh	87.07222225	3287.45	17.3443021774
[0, 1, 2, 3, 5, 7]|CSMA|-10dBm|Mesh	84.12777775	3043.29	16.3768370152
[0, 1, 2, 3, 5, 8]|CSMA|-10dBm|Mesh	68.9638889167	2620.74	13.5850999355
[0, 1, 4, 5, 8]|CSMA|-10dBm|Mesh	58.5966666667	1386.66	6.47218608856
[0, 2, 4, 6, 8, 9]|CSMA|-10dBm|Mesh	73.1583333333	2487.8	12.4020011425
[0, 2, 4, 5, 7]|CSMA|-10dBm|Mesh	84.96	1973.3	10.0753731728
[0, 2, 4, 5, 7, 8]|CSMA|-10dBm|Mesh	70.4555555833	2659.23	13.1639108658
[0, 2, 4, 5, 8]|CSMA|-10dBm|Mesh	69.04	1737.15	8.27208995819
[0, 1, 2, 4, 6, 9]|CSMA|-10dBm|Mesh	78.1611110833	2570.17	13.4293818474
[0, 1, 2, 4, 7, 9]|CSMA|-10dBm|Mesh	75.80277775	2585.81	13.5838210583
[0, 1, 2, 4, 8, 9]|CSMA|-10dBm|Mesh	60.6444444167	2187.85	10.7907009125
[0, 1, 4, 8, 9]|CSMA|-10dBm|Mesh	61.0233333333	1479.46	6.96048688889
[0, 2, 3, 8, 9]|CSMA|-10dBm|Mesh	63.0066666667	1549.06	7.11711287498
[0, 2, 3, 4, 7, 9]|CSMA|-10dBm|Mesh	85.85277775	3195.69	17.5207231045
[0, 2, 3, 4, 8, 9]|CSMA|-10dBm|Mesh	71.87222225	2979.07	14.3202588558
[0, 1, 3, 4, 7, 9]|CSMA|-10dBm|Mesh	83.9138889167	2981.07	15.8979978561
[0, 1, 3, 4, 8, 9]|CSMA|-10dBm|Mesh	70.5805555833	2791.04	14.0831699371
[0, 2, 3, 5]|CSMA|-10dBm|Mesh	85.92083335	1109.78	5.77608108521
[0, 1, 3, 5]|TDMA|-10dBm|Mesh	82.99583335	1024.81	34.4988799095
[0, 1, 2, 3, 5]|TDMA|-10dBm|Mesh	90.13	2058.15	35.2941071987
[0, 2, 3, 4, 5]|TDMA|-10dBm|Mesh	95.5133333333	2559.45	38.4595348835
[0, 1, 4, 5]|TDMA|-10dBm|Mesh	74.48333335	917.71	30.4403800964
[0, 1, 4, 9]|TDMA|-10dBm|Mesh	79.58333335	1000.14	30.4038929939
[0, 2, 4, 5]|TDMA|-10dBm|Mesh	86.87083335	1137.59	30.2340509892
[0, 2, 4, 9]|TDMA|-10dBm|Mesh	78.7625	938.22	29.2562639713
[0, 1, 2, 4, 5]|TDMA|-10dBm|Mesh	86.3233333333	1965.29	34.6083710194
[0, 1, 2, 3, 4, 5]|TDMA|-10dBm|Mesh	94.575	3990.31	45.9165730476
[0, 2, 3, 4, 9]|TDMA|-10dBm|Mesh	93.5833333333	2379.23	35.8896479607
[0, 2, 3, 4, 5, 9]|TDMA|-10dBm|Mesh	99.24722225	5141.44	57.0656478405
[0, 1, 4, 7, 9]|TDMA|-10dBm|Mesh	81.5633333333	1850.97	32.9366700649
[0, 1, 4, 5, 9]|TDMA|-10dBm|Mesh	94.29	2394.18	35.9153149128
[0, 2, 4, 5, 9]|TDMA|-10dBm|Mesh	97.09	2610.09	37.3298220634
[0, 2, 4, 7, 9]|TDMA|-10dBm|Mesh	84.8633333333	1811.26	33.4018750191
[0, 2, 3, 9]|TDMA|-10dBm|Mesh	81.34166665	1049.26	30.1388719082
[0, 2, 3, 6, 9]|TDMA|-10dBm|Mesh	92.7433333333	2112.38	37.7258529663
[0, 1, 3, 4, 5]|TDMA|-10dBm|Mesh	90.3933333333	2065.74	36.0947759151
[0, 2, 3, 4, 5, 6]|TDMA|-10dBm|Mesh	97.4861110833	4639.47	53.4436321259
[0, 1, 4, 7, 8, 9]|TDMA|-10dBm|Mesh	71.3333333333	2663.31	39.9378249645
[0, 1, 4, 5, 6, 9]|TDMA|-10dBm|Mesh	95.77222225	4221.09	49.7753081322
[0, 2, 4, 5, 6, 9]|TDMA|-10dBm|Mesh	98.6805555833	4978.34	55.7403919697
[0, 2, 4, 7, 8, 9]|TDMA|-10dBm|Mesh	74.7166666667	2684.95	40.6200659275
[0, 2, 3, 6, 7, 9]|TDMA|-10dBm|Mesh	96.6	3730.41	49.0981090069
[0, 1, 3, 4, 9]|TDMA|-10dBm|Mesh	92.9233333333	2211.39	35.7907660007
[0, 1, 2, 3, 4, 9]|TDMA|-10dBm|Mesh	93.3388889167	3790.54	42.8991909027
[0, 2, 4, 5, 6]|TDMA|-10dBm|Mesh	92.3966666667	2368.14	35.982667923
[0, 2, 3, 4, 5, 7]|TDMA|-10dBm|Mesh	95.8916666667	4233.86	50.4719572067
[0, 2, 3, 4, 5, 8]|TDMA|-10dBm|Mesh	81.1638889167	3673.76	44.5725431442
[0, 1, 2, 4, 5, 9]|TDMA|-10dBm|Mesh	95.6916666667	4154.53	50.0659639835
[0, 1, 4, 5, 7, 9]|TDMA|-10dBm|Mesh	94.7611110833	4066.6	48.4506819248
[0, 1, 4, 5, 8, 9]|TDMA|-10dBm|Mesh	85.7333333333	3552.55	46.1996018887
[0, 2, 4, 5, 7, 9]|TDMA|-10dBm|Mesh	97.5333333333	4479.59	53.4269359112
[0, 2, 4, 5, 8, 9]|TDMA|-10dBm|Mesh	88.9694444167	3903.76	46.7171449661
[0, 2, 3, 4, 6, 9]|TDMA|-10dBm|Mesh	97.0861110833	4060.86	46.7295799255
[0, 1, 2, 3, 9]|TDMA|-10dBm|Mesh	86.8933333333	1995.2	37.6418077946
[0, 2, 3, 6, 8, 9]|TDMA|-10dBm|Mesh	87.2555555833	3020.87	42.1748421192
[0, 1, 4, 6, 9]|TDMA|-10dBm|Mesh	80.3533333333	1796.24	34.0704209805
[0, 1, 3, 4, 5, 9]|TDMA|-10dBm|Mesh	97.8083333333	4571.87	48.8459720612
[0, 1, 3, 4, 5, 6]|TDMA|-10dBm|Mesh	91.6	3595.39	46.247895956
[0, 2, 4, 5, 6, 7]|TDMA|-10dBm|Mesh	96.0888889167	4213.79	47.8809990883
[0, 2, 4, 5, 6, 8]|TDMA|-10dBm|Mesh	86.7888889167	3622.76	41.3515031338
[0, 1, 3, 4, 6, 9]|TDMA|-10dBm|Mesh	92.40277775	3582.18	45.2418868542
[0, 1, 4, 5, 7]|TDMA|-10dBm|Mesh	79.5433333333	1691.64	34.4619839191
[0, 1, 4, 5, 7, 8]|TDMA|-10dBm|Mesh	68.9666666667	2479.1	38.7307889462
[0, 1, 2, 4, 5, 6]|TDMA|-10dBm|Mesh	90.1833333333	3632.75	46.0755960941
[0, 1, 2, 4, 5, 7]|TDMA|-10dBm|Mesh	89.47777775	3369.73	43.5104739666
[0, 2, 4, 6, 9]|TDMA|-10dBm|Mesh	89.54	1886.53	37.4038479328
[0, 2, 4, 6, 7, 9]|TDMA|-10dBm|Mesh	94.0916666667	3489.56	45.2221140862
[0, 2, 3, 7, 9]|TDMA|-10dBm|Mesh	88.6733333333	2007.57	37.3417570591
[0, 2, 3, 7, 8, 9]|TDMA|-10dBm|Mesh	77.4944444167	2837.44	41.4923648834
[0, 1, 2, 4, 9]|TDMA|-10dBm|Mesh	82.2	1737.07	33.7182409763
[0, 1, 2, 3, 6, 9]|TDMA|-10dBm|Mesh	92.5305555833	3365.99	43.8501770496
[0, 1, 2, 3, 7, 9]|TDMA|-10dBm|Mesh	90.7388889167	3490.6	45.0128011703
[0, 1, 2, 3, 8, 9]|TDMA|-10dBm|Mesh	72.79722225	2793.73	38.5176439285
[0, 1, 4, 6, 7, 9]|TDMA|-10dBm|Mesh	87.34722225	3275.81	41.4110860825
[0, 1, 4, 6, 8, 9]|TDMA|-10dBm|Mesh	76.7694444167	2789.48	39.4282369614
[0, 1, 3, 4, 5, 7]|TDMA|-10dBm|Mesh	90.6861110833	3403.53	43.0065720081
[0, 1, 3, 4, 5, 8]|TDMA|-10dBm|Mesh	76.0138889167	3003.92	39.8121099472
[0, 2, 4, 8, 9]|TDMA|-10dBm|Mesh	65.11	1473.87	32.1494898796
[0, 1, 3, 5, 9]|TDMA|-10dBm|Mesh	95.92	2409.21	37.2248749733
[0, 1, 3, 5, 6, 9]|TDMA|-10dBm|Mesh	96.9916666667	4379.49	49.0717499256
[0, 1, 3, 5, 7, 9]|TDMA|-10dBm|Mesh	96.3888889167	4211.01	49.466411829
[0, 1, 3, 5, 8, 9]|TDMA|-10dBm|Mesh	86.45277775	3629.02	42.724364996
[0, 1, 3, 5, 7]|TDMA|-10dBm|Mesh	86.5033333333	1961.21	34.5595059395
[0, 1, 3, 5, 7, 8]|TDMA|-10dBm|Mesh	74.4916666667	2740.12	39.586810112
[0, 1, 4, 5, 6]|TDMA|-10dBm|Mesh	79.4566666667	1722.98	33.8915429115
[0, 1, 4, 5, 6, 7]|TDMA|-10dBm|Mesh	87.72777775	3146.07	41.4792659283
[0, 1, 4, 5, 6, 8]|TDMA|-10dBm|Mesh	74.3611110833	2681.64	41.463876009
[0, 1, 3, 5, 6]|TDMA|-10dBm|Mesh	86.41	1916.28	33.9736988544
[0, 1, 3, 5, 6, 7]|TDMA|-10dBm|Mesh	92.37777775	3540.21	43.5811932087
[0, 1, 3, 5, 6, 8]|TDMA|-10dBm|Mesh	79.65	2980.55	38.8172469139
[0, 1, 3, 5, 8]|TDMA|-10dBm|Mesh	67.2133333333	1583.11	33.3786809444
[0, 2, 3, 5, 9]|TDMA|-10dBm|Mesh	97.2033333333	2615.89	38.4411480427
[0, 2, 3, 5, 6, 9]|TDMA|-10dBm|Mesh	99.07222225	5112.93	55.3336980343
[0, 2, 3, 5, 7, 9]|TDMA|-10dBm|Mesh	97.7055555833	4555.79	50.4260108471
[0, 2, 3, 5, 8, 9]|TDMA|-10dBm|Mesh	88.82777775	3962.59	46.1081879139
[0, 1, 3, 9]|TDMA|-10dBm|Mesh	87.69166665	1100.45	30.6807949543
[0, 1, 3, 6, 9]|TDMA|-10dBm|Mesh	88.95	1979.24	37.9469540119
[0, 1, 3, 6, 7, 9]|TDMA|-10dBm|Mesh	93.4111110833	3595.65	47.1075460911
[0, 1, 3, 6, 8, 9]|TDMA|-10dBm|Mesh	82.2944444167	2990.2	38.0741820335
[0, 1, 3, 7, 9]|TDMA|-10dBm|Mesh	89.4166666667	2125.54	40.659085989
[0, 1, 3, 7, 8, 9]|TDMA|-10dBm|Mesh	77.4055555833	3010.35	38.2893090248
[0, 2, 3, 5, 6]|TDMA|-10dBm|Mesh	94.46	2493.84	36.1790370941
[0, 2, 3, 5, 6, 7]|TDMA|-10dBm|Mesh	97.225	4501.66	47.8453409672
[0, 2, 3, 5, 6, 8]|TDMA|-10dBm|Mesh	88.3305555833	3804.79	42.6160650253
[0, 2, 3, 5, 8]|TDMA|-10dBm|Mesh	72.6833333333	1853.9	37.6217029095
[0, 2, 3, 5, 7]|TDMA|-10dBm|Mesh	92.5633333333	2264.55	42.5203959942
[0, 2, 3, 5, 7, 8]|TDMA|-10dBm|Mesh	80.9	3299.09	43.8074669838
[0, 1, 3, 8, 9]|TDMA|-10dBm|Mesh	70.4566666667	1683.27	35.5982260704
[0, 1, 2, 4, 5, 8]|TDMA|-10dBm|Mesh	73.2694444167	2829.1	40.9830260277
[0, 1, 2, 3, 5, 9]|TDMA|-10dBm|Mesh	96.7888889167	4188.77	50.7780761719
[0, 1, 2, 3, 5, 6]|TDMA|-10dBm|Mesh	93.5444444167	3872.57	47.1158618927
[0, 1, 2, 3, 5, 7]|TDMA|-10dBm|Mesh	92.8694444167	3636.23	45.5051949024
[0, 1, 2, 3, 5, 8]|TDMA|-10dBm|Mesh	75.5361110833	2947.44	38.8296639919
[0, 1, 4, 5, 8]|TDMA|-10dBm|Mesh	60.3166666667	1438.82	30.1863818169
[0, 2, 4, 6, 8, 9]|TDMA|-10dBm|Mesh	84.05	2895.4	38.0348658562
[0, 2, 4, 5, 7]|TDMA|-10dBm|Mesh	90.7866666667	2158.09	34.5327019691
[0, 2, 4, 5, 7, 8]|TDMA|-10dBm|Mesh	78.49722225	3129.91	38.9828960896
[0, 2, 4, 5, 8]|TDMA|-10dBm|Mesh	70.8533333333	1819.42	32.2602739334
[0, 1, 2, 4, 6, 9]|TDMA|-10dBm|Mesh	88.6611110833	3046.67	39.0917439461
[0, 1, 2, 4, 7, 9]|TDMA|-10dBm|Mesh	86.5888889167	3026.25	39.0718328953
[0, 1, 2, 4, 8, 9]|TDMA|-10dBm|Mesh	69.2638889167	2500.65	36.8295331001
[0, 1, 4, 8, 9]|TDMA|-10dBm|Mesh	63.85	1564.95	31.6029920578
[0, 2, 3, 8, 9]|TDMA|-10dBm|Mesh	67.4	1620.25	34.7241778374
[0, 2, 3, 4, 7, 9]|TDMA|-10dBm|Mesh	94.5305555833	3774.99	44.6821601391
[0, 2, 3, 4, 8, 9]|TDMA|-10dBm|Mesh	79.5166666667	3355.57	41.0970959663
[0, 1, 3, 4, 7, 9]|TDMA|-10dBm|Mesh	91.9111110833	3468.27	43.4623839855
[0, 1, 3, 4, 8, 9]|TDMA|-10dBm|Mesh	77.65277775	3094.98	39.9965269566
[0, 2, 3, 5]|TDMA|-10dBm|Mesh	88.47083335	1143.32	30.0449512005
[0, 1, 3, 5]|CSMA|0dBm|Mesh	98.0125	1643.07	8.77805495262
[0, 1, 2, 3, 5]|CSMA|0dBm|Mesh	97.8533333333	3684.5	21.0158598423
[0, 2, 3, 4, 5]|CSMA|0dBm|Mesh	98.4766666667	3902.19	22.0349938869
[0, 1, 4, 5]|CSMA|0dBm|Mesh	98.03333335	1567.57	7.88225102425
[0, 1, 4, 9]|CSMA|0dBm|Mesh	97.525	1593.69	8.2306740284
[0, 2, 4, 5]|CSMA|0dBm|Mesh	98.35833335	1682.96	8.54327702522
[0, 2, 4, 9]|CSMA|0dBm|Mesh	98.09166665	1588.17	8.11618900299
[0, 1, 2, 4, 5]|CSMA|0dBm|Mesh	98.1266666667	3532.98	20.1499040127
[0, 1, 2, 3, 4, 5]|CSMA|0dBm|Mesh	95.8305555833	6421.7	41.3096158504
[0, 2, 3, 4, 9]|CSMA|0dBm|Mesh	98.81	3841.37	21.4235348701
[0, 2, 3, 4, 5, 9]|CSMA|0dBm|Mesh	95.67777775	6992.21	46.8061599731
[0, 1, 4, 7, 9]|CSMA|0dBm|Mesh	96.1466666667	3325.59	17.9239900112
[0, 1, 4, 5, 9]|CSMA|0dBm|Mesh	97.9166666667	3693.41	22.0880119801
[0, 2, 4, 5, 9]|CSMA|0dBm|Mesh	98.1133333333	3862.57	22.5950739384
[0, 2, 4, 7, 9]|CSMA|0dBm|Mesh	96.9066666667	3371.17	20.120869875
[0, 2, 3, 9]|CSMA|0dBm|Mesh	98.375	1669.0	8.54714107513
[0, 2, 3, 6, 9]|CSMA|0dBm|Mesh	97.9466666667	3735.81	22.3600687981
[0, 1, 3, 4, 5]|CSMA|0dBm|Mesh	98.88	3660.44	20.7539138794
[0, 2, 3, 4, 5, 6]|CSMA|0dBm|Mesh	94.75277775	6654.19	44.2472038269
[0, 1, 4, 7, 8, 9]|CSMA|0dBm|Mesh	91.4305555833	5131.29	28.3043608665
[0, 1, 4, 5, 6, 9]|CSMA|0dBm|Mesh	94.9888889167	6310.79	39.3880012035
[0, 2, 4, 5, 6, 9]|CSMA|0dBm|Mesh	94.1916666667	6708.25	41.5658218861
[0, 2, 4, 7, 8, 9]|CSMA|0dBm|Mesh	92.4083333333	5347.55	32.7263059616
[0, 2, 3, 6, 7, 9]|CSMA|0dBm|Mesh	94.67777775	6426.8	42.1408848763
[0, 1, 3, 4, 9]|CSMA|0dBm|Mesh	98.81	3733.26	20.6483421326
[0, 1, 2, 3, 4, 9]|CSMA|0dBm|Mesh	95.2916666667	6335.45	41.0732278824
[0, 2, 4, 5, 6]|CSMA|0dBm|Mesh	97.3933333333	3738.29	22.2435619831
[0, 2, 3, 4, 5, 7]|CSMA|0dBm|Mesh	94.8305555833	6425.78	39.8886299133
[0, 2, 3, 4, 5, 8]|CSMA|0dBm|Mesh	92.6638889167	5889.12	37.8278799057
[0, 1, 2, 4, 5, 9]|CSMA|0dBm|Mesh	95.1888889167	6430.51	38.9938731194
[0, 1, 4, 5, 7, 9]|CSMA|0dBm|Mesh	94.4305555833	6233.07	39.4143218994
[0, 1, 4, 5, 8, 9]|CSMA|0dBm|Mesh	92.7694444167	5642.72	33.8383779526
[0, 2, 4, 5, 7, 9]|CSMA|0dBm|Mesh	94.3333333333	6491.44	40.1493182182
[0, 2, 4, 5, 8, 9]|CSMA|0dBm|Mesh	93.0944444167	5997.43	35.6664750576
[0, 2, 3, 4, 6, 9]|CSMA|0dBm|Mesh	95.4361110833	6523.89	41.4432640076
[0, 1, 2, 3, 9]|CSMA|0dBm|Mesh	96.91	3601.31	20.1849298477
[0, 2, 3, 6, 8, 9]|CSMA|0dBm|Mesh	93.5805555833	5749.27	34.9956550598
[0, 1, 4, 6, 9]|CSMA|0dBm|Mesh	96.9333333333	3319.47	18.3564059734
[0, 1, 3, 4, 5, 9]|CSMA|0dBm|Mesh	96.37777775	6748.87	42.2099502087
[0, 1, 3, 4, 5, 6]|CSMA|0dBm|Mesh	96.1361110833	6164.45	37.5326411724
[0, 2, 4, 5, 6, 7]|CSMA|0dBm|Mesh	93.5805555833	6306.71	39.6475188732
[0, 2, 4, 5, 6, 8]|CSMA|0dBm|Mesh	92.3361110833	5835.52	34.7458808422
[0, 1, 3, 4, 6, 9]|CSMA|0dBm|Mesh	95.6416666667	6200.34	36.2745099068
[0, 1, 4, 5, 7]|CSMA|0dBm|Mesh	97.3866666667	3325.12	17.9716498852
[0, 1, 4, 5, 7, 8]|CSMA|0dBm|Mesh	92.6083333333	5074.25	29.50812006
[0, 1, 2, 4, 5, 6]|CSMA|0dBm|Mesh	95.5055555833	6140.9	35.2479660511
[0, 1, 2, 4, 5, 7]|CSMA|0dBm|Mesh	94.7638889167	6040.56	37.4269919395
[0, 2, 4, 6, 9]|CSMA|0dBm|Mesh	97.53	3483.07	20.2509541512
[0, 2, 4, 6, 7, 9]|CSMA|0dBm|Mesh	93.89722225	6006.99	36.2651450634
[0, 2, 3, 7, 9]|CSMA|0dBm|Mesh	97.7433333333	3689.15	20.6626601219
[0, 2, 3, 7, 8, 9]|CSMA|0dBm|Mesh	92.8888889167	5667.11	33.4246940613
[0, 1, 2, 4, 9]|CSMA|0dBm|Mesh	97.2933333333	3368.31	19.3171901703
[0, 1, 2, 3, 6, 9]|CSMA|0dBm|Mesh	94.8083333333	6115.58	38.7140409946
[0, 1, 2, 3, 7, 9]|CSMA|0dBm|Mesh	93.6333333333	6205.91	38.0753660202
[0, 1, 2, 3, 8, 9]|CSMA|0dBm|Mesh	91.6944444167	5358.49	30.1667430401
[0, 1, 4, 6, 7, 9]|CSMA|0dBm|Mesh	93.72777775	5727.21	34.9541521072
[0, 1, 4, 6, 8, 9]|CSMA|0dBm|Mesh	93.025	5185.17	28.6253731251
[0, 1, 3, 4, 5, 7]|CSMA|0dBm|Mesh	95.675	6090.54	35.5624527931
[0, 1, 3, 4, 5, 8]|CSMA|0dBm|Mesh	93.6416666667	5473.38	30.7884941101
[0, 2, 4, 8, 9]|CSMA|0dBm|Mesh	96.38	3077.56	16.1858410835
[0, 1, 3, 5, 9]|CSMA|0dBm|Mesh	97.9766666667	3859.55	22.702008009
[0, 1, 3, 5, 6, 9]|CSMA|0dBm|Mesh	95.4111110833	6597.53	41.4374320507
[0, 1, 3, 5, 7, 9]|CSMA|0dBm|Mesh	94.3861110833	6614.96	41.5810711384
[0, 1, 3, 5, 8, 9]|CSMA|0dBm|Mesh	93.3583333333	5906.37	37.3604409695
[0, 1, 3, 5, 7]|CSMA|0dBm|Mesh	97.8466666667	3605.26	19.933521986
[0, 1, 3, 5, 7, 8]|CSMA|0dBm|Mesh	92.9611110833	5439.63	30.7048020363
[0, 1, 4, 5, 6]|CSMA|0dBm|Mesh	97.6733333333	3338.04	18.1483528614
[0, 1, 4, 5, 6, 7]|CSMA|0dBm|Mesh	94.7833333333	5756.14	35.0495839119
[0, 1, 4, 5, 6, 8]|CSMA|0dBm|Mesh	94.2833333333	5266.12	29.8356239796
[0, 1, 3, 5, 6]|CSMA|0dBm|Mesh	98.2966666667	3551.79	20.0070581436
[0, 1, 3, 5, 6, 7]|CSMA|0dBm|Mesh	95.19722225	6206.92	38.1875369549
[0, 1, 3, 5, 6, 8]|CSMA|0dBm|Mesh	94.2611110833	5488.22	31.5429439545
[0, 1, 3, 5, 8]|CSMA|0dBm|Mesh	97.2433333333	3102.87	15.9631149769
[0, 2, 3, 5, 9]|CSMA|0dBm|Mesh	98.1266666667	3918.6	21.7998590469
[0, 2, 3, 5, 6, 9]|CSMA|0dBm|Mesh	95.0333333333	6921.73	44.5942490101
[0, 2, 3, 5, 7, 9]|CSMA|0dBm|Mesh	94.525	6783.74	44.7439320087
[0, 2, 3, 5, 8, 9]|CSMA|0dBm|Mesh	93.4666666667	6107.7	37.4658179283
[0, 1, 3, 9]|CSMA|0dBm|Mesh	98.375	1680.66	9.21551084518
[0, 1, 3, 6, 9]|CSMA|0dBm|Mesh	97.78	3569.35	19.1110479832
[0, 1, 3, 6, 7, 9]|CSMA|0dBm|Mesh	94.90277775	6189.49	38.0923900604
[0, 1, 3, 6, 8, 9]|CSMA|0dBm|Mesh	94.0555555833	5480.44	33.1977241039
[0, 1, 3, 7, 9]|CSMA|0dBm|Mesh	97.1033333333	3678.31	21.8741071224
[0, 1, 3, 7, 8, 9]|CSMA|0dBm|Mesh	92.2833333333	5474.22	31.7411899567
[0, 2, 3, 5, 6]|CSMA|0dBm|Mesh	97.5433333333	3845.23	21.8077301979
[0, 2, 3, 5, 6, 7]|CSMA|0dBm|Mesh	93.5611110833	6657.71	42.5670769215
[0, 2, 3, 5, 6, 8]|CSMA|0dBm|Mesh	92.92222225	6024.6	37.9792740345
[0, 2, 3, 5, 8]|CSMA|0dBm|Mesh	97.3733333333	3351.82	17.8937020302
[0, 2, 3, 5, 7]|CSMA|0dBm|Mesh	97.4266666667	3791.22	22.9666209221
[0, 2, 3, 5, 7, 8]|CSMA|0dBm|Mesh	92.1166666667	5824.76	35.1587901115
[0, 1, 3, 8, 9]|CSMA|0dBm|Mesh	96.1166666667	3127.09	16.9724459648
[0, 1, 2, 4, 5, 8]|CSMA|0dBm|Mesh	93.2805555833	5392.52	31.0864059925
[0, 1, 2, 3, 5, 9]|CSMA|0dBm|Mesh	94.9666666667	6609.21	41.5311448574
[0, 1, 2, 3, 5, 6]|CSMA|0dBm|Mesh	95.44722225	6394.9	39.5218770504
[0, 1, 2, 3, 5, 7]|CSMA|0dBm|Mesh	94.1333333333	6396.48	41.5661029816
[0, 1, 2, 3, 5, 8]|CSMA|0dBm|Mesh	92.7638889167	5538.39	33.3290450573
[0, 1, 4, 5, 8]|CSMA|0dBm|Mesh	96.7233333333	2959.78	14.6409831047
[0, 2, 4, 6, 8, 9]|CSMA|0dBm|Mesh	93.12777775	5549.8	32.0113220215
[0, 2, 4, 5, 7]|CSMA|0dBm|Mesh	97.3533333333	3601.85	19.5872690678
[0, 2, 4, 5, 7, 8]|CSMA|0dBm|Mesh	92.2416666667	5552.12	32.7636401653
[0, 2, 4, 5, 8]|CSMA|0dBm|Mesh	97.25	3288.83	17.6292469501
[0, 1, 2, 4, 6, 9]|CSMA|0dBm|Mesh	94.8805555833	5824.95	36.7953019142
[0, 1, 2, 4, 7, 9]|CSMA|0dBm|Mesh	93.825	5797.68	36.8233749866
[0, 1, 2, 4, 8, 9]|CSMA|0dBm|Mesh	92.375	5108.66	30.5283269882
[0, 1, 4, 8, 9]|CSMA|0dBm|Mesh	94.9333333333	2922.64	15.7427158356
[0, 2, 3, 8, 9]|CSMA|0dBm|Mesh	96.71	3228.7	17.4269189835
[0, 2, 3, 4, 7, 9]|CSMA|0dBm|Mesh	95.325	6326.92	39.5333659649
[0, 2, 3, 4, 8, 9]|CSMA|0dBm|Mesh	93.37222225	5786.09	35.3468050957
[0, 1, 3, 4, 7, 9]|CSMA|0dBm|Mesh	95.42777775	6177.16	38.5142738819
[0, 1, 3, 4, 8, 9]|CSMA|0dBm|Mesh	93.3638889167	5544.05	32.2108709812
[0, 2, 3, 5]|CSMA|0dBm|Mesh	98.2625	1699.34	9.29327511787
[0, 1, 3, 5]|TDMA|0dBm|Mesh	99.75833335	1699.52	33.1714010239
[0, 1, 2, 3, 5]|TDMA|0dBm|Mesh	99.9733333333	3968.05	47.16152215
[0, 2, 3, 4, 5]|TDMA|0dBm|Mesh	99.9966666667	4168.4	53.2865757942
[0, 1, 4, 5]|TDMA|0dBm|Mesh	99.575	1607.21	33.0019600391
[0, 1, 4, 9]|TDMA|0dBm|Mesh	99.53333335	1641.2	32.5766780376
[0, 2, 4, 5]|TDMA|0dBm|Mesh	99.74583335	1722.84	32.7856149673
[0, 2, 4, 9]|TDMA|0dBm|Mesh	99.6375	1633.94	33.022840023
[0, 1, 2, 4, 5]|TDMA|0dBm|Mesh	99.97	3843.53	47.3756768703
[0, 1, 2, 3, 4, 5]|TDMA|0dBm|Mesh	99.99722225	7823.77	76.4924738407
[0, 2, 3, 4, 9]|TDMA|0dBm|Mesh	99.99	4065.78	51.6088769436
[0, 2, 3, 4, 5, 9]|TDMA|0dBm|Mesh	100.0	8441.11	78.6454999447
[0, 1, 4, 7, 9]|TDMA|0dBm|Mesh	99.8666666667	3709.04	49.9995279312
[0, 1, 4, 5, 9]|TDMA|0dBm|Mesh	99.99	4027.94	48.8139958382
[0, 2, 4, 5, 9]|TDMA|0dBm|Mesh	99.9933333333	4165.07	54.4067029953
[0, 2, 4, 7, 9]|TDMA|0dBm|Mesh	99.91	3741.92	48.0859589577
[0, 2, 3, 9]|TDMA|0dBm|Mesh	99.70416665	1699.58	34.9647741318
[0, 2, 3, 6, 9]|TDMA|0dBm|Mesh	99.98	3961.54	48.1864778996
[0, 1, 3, 4, 5]|TDMA|0dBm|Mesh	99.9766666667	3889.03	45.6560111046
[0, 2, 3, 4, 5, 6]|TDMA|0dBm|Mesh	100.0	8198.79	82.8450760841
[0, 1, 4, 7, 8, 9]|TDMA|0dBm|Mesh	99.77777775	6453.32	64.1335949898
[0, 1, 4, 5, 6, 9]|TDMA|0dBm|Mesh	99.9944444167	7758.11	72.0997889042
[0, 2, 4, 5, 6, 9]|TDMA|0dBm|Mesh	99.99722225	8266.95	75.1190361977
[0, 2, 4, 7, 8, 9]|TDMA|0dBm|Mesh	99.8833333333	6716.6	69.3435790539
[0, 2, 3, 6, 7, 9]|TDMA|0dBm|Mesh	100.0	7783.34	70.7725520134
[0, 1, 3, 4, 9]|TDMA|0dBm|Mesh	99.9933333333	3924.86	47.7063970566
[0, 1, 2, 3, 4, 9]|TDMA|0dBm|Mesh	99.99722225	7685.59	77.6837038994
[0, 2, 4, 5, 6]|TDMA|0dBm|Mesh	99.9866666667	4039.47	51.1004650593
[0, 2, 3, 4, 5, 7]|TDMA|0dBm|Mesh	99.99722225	7952.58	75.9204239845
[0, 2, 3, 4, 5, 8]|TDMA|0dBm|Mesh	99.8333333333	7312.52	64.185503006
[0, 1, 2, 4, 5, 9]|TDMA|0dBm|Mesh	99.9916666667	7830.72	72.4875788689
[0, 1, 4, 5, 7, 9]|TDMA|0dBm|Mesh	99.9888889167	7695.7	68.4134619236
[0, 1, 4, 5, 8, 9]|TDMA|0dBm|Mesh	99.8805555833	7052.86	64.3444879055
[0, 2, 4, 5, 7, 9]|TDMA|0dBm|Mesh	99.99722225	8021.29	71.709207058
[0, 2, 4, 5, 8, 9]|TDMA|0dBm|Mesh	99.9666666667	7486.21	66.3050811291
[0, 2, 3, 4, 6, 9]|TDMA|0dBm|Mesh	99.99722225	7898.6	71.938177824
[0, 1, 2, 3, 9]|TDMA|0dBm|Mesh	99.9733333333	3918.83	46.5468089581
[0, 2, 3, 6, 8, 9]|TDMA|0dBm|Mesh	99.9694444167	7119.35	74.0538699627
[0, 1, 4, 6, 9]|TDMA|0dBm|Mesh	99.8666666667	3684.5	57.9233241081
[0, 1, 3, 4, 5, 9]|TDMA|0dBm|Mesh	100.0	8054.31	75.5164520741
[0, 1, 3, 4, 5, 6]|TDMA|0dBm|Mesh	99.9888889167	7493.17	69.7710211277
[0, 2, 4, 5, 6, 7]|TDMA|0dBm|Mesh	100.0	7868.28	72.3781030178
[0, 2, 4, 5, 6, 8]|TDMA|0dBm|Mesh	99.9361110833	7304.45	68.7264530659
[0, 1, 3, 4, 6, 9]|TDMA|0dBm|Mesh	99.9916666667	7534.53	72.000620842
[0, 1, 4, 5, 7]|TDMA|0dBm|Mesh	99.87	3640.55	43.679710865
[0, 1, 4, 5, 7, 8]|TDMA|0dBm|Mesh	99.725	6352.79	61.5692179203
[0, 1, 2, 4, 5, 6]|TDMA|0dBm|Mesh	99.9916666667	7503.74	71.2220458984
[0, 1, 2, 4, 5, 7]|TDMA|0dBm|Mesh	99.9861110833	7403.58	72.8069369793
[0, 2, 4, 6, 9]|TDMA|0dBm|Mesh	99.9633333333	3828.75	45.4866530895
[0, 2, 4, 6, 7, 9]|TDMA|0dBm|Mesh	99.9916666667	7493.63	73.2416298389
[0, 2, 3, 7, 9]|TDMA|0dBm|Mesh	99.9766666667	3943.9	50.1760978699
[0, 2, 3, 7, 8, 9]|TDMA|0dBm|Mesh	99.9055555833	6942.6	75.2286059856
[0, 1, 2, 4, 9]|TDMA|0dBm|Mesh	99.94	3699.13	43.8807749748
[0, 1, 2, 3, 6, 9]|TDMA|0dBm|Mesh	100.0	7455.42	74.2120380402
[0, 1, 2, 3, 7, 9]|TDMA|0dBm|Mesh	100.0	7768.31	70.550467968
[0, 1, 2, 3, 8, 9]|TDMA|0dBm|Mesh	99.7333333333	6591.13	60.5176270008
[0, 1, 4, 6, 7, 9]|TDMA|0dBm|Mesh	99.9833333333	7261.98	66.0970859528
[0, 1, 4, 6, 8, 9]|TDMA|0dBm|Mesh	99.87222225	6593.35	62.7969300747
[0, 1, 3, 4, 5, 7]|TDMA|0dBm|Mesh	99.9944444167	7402.56	67.1007990837
[0, 1, 3, 4, 5, 8]|TDMA|0dBm|Mesh	99.6944444167	6645.75	59.4660198689
[0, 2, 4, 8, 9]|TDMA|0dBm|Mesh	99.3966666667	3388.89	41.7896850109
[0, 1, 3, 5, 9]|TDMA|0dBm|Mesh	99.9933333333	4134.81	47.2861299515
[0, 1, 3, 5, 6, 9]|TDMA|0dBm|Mesh	99.99722225	7963.24	71.7594988346
[0, 1, 3, 5, 7, 9]|TDMA|0dBm|Mesh	100.0	8074.34	72.0496480465
[0, 1, 3, 5, 8, 9]|TDMA|0dBm|Mesh	99.925	7264.57	64.4070589542
[0, 1, 3, 5, 7]|TDMA|0dBm|Mesh	99.9533333333	3945.76	45.2023909092
[0, 1, 3, 5, 7, 8]|TDMA|0dBm|Mesh	99.8166666667	6821.85	63.8170518875
[0, 1, 4, 5, 6]|TDMA|0dBm|Mesh	99.91	3644.8	44.1223909855
[0, 1, 4, 5, 6, 7]|TDMA|0dBm|Mesh	99.9805555833	7168.77	72.5826590061
[0, 1, 4, 5, 6, 8]|TDMA|0dBm|Mesh	99.9083333333	6536.5	61.5312068462
[0, 1, 3, 5, 6]|TDMA|0dBm|Mesh	99.9633333333	3826.43	46.6224169731
[0, 1, 3, 5, 6, 7]|TDMA|0dBm|Mesh	99.99722225	7613.72	72.7385590076
[0, 1, 3, 5, 6, 8]|TDMA|0dBm|Mesh	99.9	6832.61	62.0478870869
[0, 1, 3, 5, 8]|TDMA|0dBm|Mesh	98.92	3358.86	42.1122791767
[0, 2, 3, 5, 9]|TDMA|0dBm|Mesh	99.9933333333	4202.99	48.9972839355
[0, 2, 3, 5, 6, 9]|TDMA|0dBm|Mesh	100.0	8401.97	80.4750518799
[0, 2, 3, 5, 7, 9]|TDMA|0dBm|Mesh	100.0	8267.88	81.4333450794
[0, 2, 3, 5, 8, 9]|TDMA|0dBm|Mesh	99.9611110833	7579.22	76.0324180126
[0, 1, 3, 9]|TDMA|0dBm|Mesh	99.82916665	1734.45	35.4145851135
[0, 1, 3, 6, 9]|TDMA|0dBm|Mesh	99.9566666667	3852.28	48.0235168934
[0, 1, 3, 6, 7, 9]|TDMA|0dBm|Mesh	99.9944444167	7648.41	74.9417788982
[0, 1, 3, 6, 8, 9]|TDMA|0dBm|Mesh	99.9305555833	6847.08	65.6714890003
[0, 1, 3, 7, 9]|TDMA|0dBm|Mesh	99.9633333333	3988.4	48.8415980339
[0, 1, 3, 7, 8, 9]|TDMA|0dBm|Mesh	99.8388889167	6876.2	63.9436509609
[0, 2, 3, 5, 6]|TDMA|0dBm|Mesh	99.9833333333	4146.42	48.9449219704
[0, 2, 3, 5, 6, 7]|TDMA|0dBm|Mesh	100.0	8193.5	76.6990950108
[0, 2, 3, 5, 6, 8]|TDMA|0dBm|Mesh	99.97777775	7520.89	70.4356510639
[0, 2, 3, 5, 8]|TDMA|0dBm|Mesh	99.5133333333	3642.71	44.9871649742
[0, 2, 3, 5, 7]|TDMA|0dBm|Mesh	99.9866666667	4076.08	49.6758790016
[0, 2, 3, 5, 7, 8]|TDMA|0dBm|Mesh	99.90277775	7328.37	66.8405361176
[0, 1, 3, 8, 9]|TDMA|0dBm|Mesh	99.0866666667	3404.6	43.737293005
[0, 1, 2, 4, 5, 8]|TDMA|0dBm|Mesh	99.6694444167	6640.37	63.9213190079
[0, 1, 2, 3, 5, 9]|TDMA|0dBm|Mesh	99.99722225	8014.25	74.7709259987
[0, 1, 2, 3, 5, 6]|TDMA|0dBm|Mesh	99.9944444167	7747.35	68.0462360382
[0, 1, 2, 3, 5, 7]|TDMA|0dBm|Mesh	99.99722225	7789.18	71.2523028851
[0, 1, 2, 3, 5, 8]|TDMA|0dBm|Mesh	99.7583333333	6833.26	66.2608649731
[0, 1, 4, 5, 8]|TDMA|0dBm|Mesh	98.72	3207.1	42.579859972
[0, 2, 4, 6, 8, 9]|TDMA|0dBm|Mesh	99.9666666667	6977.93	70.3891098499
[0, 2, 4, 5, 7]|TDMA|0dBm|Mesh	99.99	3921.85	46.7125430107
[0, 2, 4, 5, 7, 8]|TDMA|0dBm|Mesh	99.9138889167	7043.21	66.8310289383
[0, 2, 4, 5, 8]|TDMA|0dBm|Mesh	99.43	3561.53	42.656332016
[0, 1, 2, 4, 6, 9]|TDMA|0dBm|Mesh	99.9861110833	7229.43	64.1550209522
[0, 1, 2, 4, 7, 9]|TDMA|0dBm|Mesh	99.975	7242.87	67.8680429459
[0, 1, 2, 4, 8, 9]|TDMA|0dBm|Mesh	99.675	6375.24	60.5648248196
[0, 1, 4, 8, 9]|TDMA|0dBm|Mesh	98.5766666667	3257.02	41.3130378723
[0, 2, 3, 8, 9]|TDMA|0dBm|Mesh	99.5366666667	3448.4	43.7805700302
[0, 2, 3, 4, 7, 9]|TDMA|0dBm|Mesh	100.0	7677.62	73.960242033
[0, 2, 3, 4, 8, 9]|TDMA|0dBm|Mesh	99.8555555833	6973.29	68.4443159103
[0, 1, 3, 4, 7, 9]|TDMA|0dBm|Mesh	99.9888889167	7461.54	69.2738070488
[0, 1, 3, 4, 8, 9]|TDMA|0dBm|Mesh	99.6444444167	6692.77	62.724875927
[0, 2, 3, 5]|TDMA|0dBm|Mesh	99.83333335	1755.29	33.9914820194
