[50.0, ('[0, 1, 3, 9]|CSMA|-10dBm|Star', [59.6, 674.0, 2.87793207169]), 2, 483.96731495872007, 32]
[50.5, ('[0, 1, 3, 9]|CSMA|-10dBm|Star', [59.6, 674.0, 2.87793207169]), 2, 483.96731495872007, 32]
[51.0, ('[0, 1, 3, 9]|CSMA|-10dBm|Star', [59.6, 674.0, 2.87793207169]), 2, 483.96731495872007, 32]
[51.5, ('[0, 1, 3, 9]|CSMA|-10dBm|Star', [59.6, 674.0, 2.87793207169]), 2, 483.96731495872007, 32]
[52.0, ('[0, 1, 3, 9]|CSMA|-10dBm|Star', [59.6, 674.0, 2.87793207169]), 2, 483.96731495872007, 32]
[52.5, ('[0, 1, 3, 9]|CSMA|-10dBm|Star', [59.6, 674.0, 2.87793207169]), 2, 483.96731495872007, 32]
[53.0, ('[0, 1, 3, 9]|CSMA|-10dBm|Star', [59.6, 674.0, 2.87793207169]), 2, 483.96731495872007, 32]
[53.5, ('[0, 1, 3, 9]|CSMA|-10dBm|Star', [59.6, 674.0, 2.87793207169]), 2, 483.96731495872007, 32]
[54.0, ('[0, 1, 3, 9]|CSMA|-10dBm|Star', [59.6, 674.0, 2.87793207169]), 2, 483.96731495872007, 32]
[54.5, ('[0, 1, 3, 9]|CSMA|-10dBm|Star', [59.6, 674.0, 2.87793207169]), 2, 483.96731495872007, 32]
[55.0, ('[0, 1, 3, 9]|CSMA|-10dBm|Star', [59.6, 674.0, 2.87793207169]), 2, 483.96731495872007, 32]
[55.5, ('[0, 1, 3, 9]|CSMA|-10dBm|Star', [59.6, 674.0, 2.87793207169]), 2, 483.96731495872007, 32]
[56.0, ('[0, 1, 3, 9]|CSMA|-10dBm|Star', [59.6, 674.0, 2.87793207169]), 2, 483.96731495872007, 32]
[56.5, ('[0, 1, 3, 9]|CSMA|-10dBm|Star', [59.6, 674.0, 2.87793207169]), 2, 483.96731495872007, 32]
[57.0, ('[0, 1, 3, 9]|CSMA|-10dBm|Star', [59.6, 674.0, 2.87793207169]), 2, 483.96731495872007, 32]
[57.5, ('[0, 1, 3, 9]|CSMA|-10dBm|Star', [59.6, 674.0, 2.87793207169]), 2, 483.96731495872007, 32]
[58.0, ('[0, 1, 3, 9]|CSMA|-10dBm|Star', [59.6, 674.0, 2.87793207169]), 2, 483.96731495872007, 32]
[58.5, ('[0, 1, 3, 9]|CSMA|-10dBm|Star', [59.6, 674.0, 2.87793207169]), 2, 483.96731495872007, 32]
[59.0, ('[0, 1, 3, 9]|CSMA|-10dBm|Star', [59.6, 674.0, 2.87793207169]), 2, 483.96731495872007, 32]
[59.5, ('[0, 1, 3, 9]|CSMA|-10dBm|Star', [59.6, 674.0, 2.87793207169]), 2, 483.96731495872007, 32]
[60.0, ('[0, 1, 3, 9]|TDMA|0dBm|Star', [90.2, 709.0, 30.3189411163]), 3, 761.6771988870299, 48]
[60.5, ('[0, 1, 3, 9]|TDMA|0dBm|Star', [90.2, 709.0, 30.3189411163]), 3, 761.6771988870299, 48]
[61.0, ('[0, 1, 3, 9]|TDMA|0dBm|Star', [90.2, 709.0, 30.3189411163]), 3, 761.6771988870299, 48]
[61.5, ('[0, 1, 3, 9]|TDMA|0dBm|Star', [90.2, 709.0, 30.3189411163]), 3, 761.6771988870299, 48]
[62.0, ('[0, 1, 3, 9]|TDMA|0dBm|Star', [90.2, 709.0, 30.3189411163]), 3, 761.6771988870299, 48]
[62.5, ('[0, 1, 3, 9]|TDMA|0dBm|Star', [90.2, 709.0, 30.3189411163]), 3, 761.6771988870299, 48]
[63.0, ('[0, 1, 3, 9]|TDMA|0dBm|Star', [90.2, 709.0, 30.3189411163]), 3, 761.6771988870299, 48]
[63.5, ('[0, 1, 3, 9]|TDMA|0dBm|Star', [90.2, 709.0, 30.3189411163]), 3, 761.6771988870299, 48]
[64.0, ('[0, 1, 3, 9]|TDMA|0dBm|Star', [90.2, 709.0, 30.3189411163]), 3, 761.6771988870299, 48]
[64.5, ('[0, 1, 3, 9]|TDMA|0dBm|Star', [90.2, 709.0, 30.3189411163]), 3, 761.6771988870299, 48]
[65.0, ('[0, 1, 3, 9]|TDMA|0dBm|Star', [90.2, 709.0, 30.3189411163]), 3, 761.6771988870299, 48]
[65.5, ('[0, 1, 3, 9]|TDMA|0dBm|Star', [90.2, 709.0, 30.3189411163]), 3, 761.6771988870299, 48]
[66.0, ('[0, 1, 3, 9]|TDMA|0dBm|Star', [90.2, 709.0, 30.3189411163]), 3, 761.6771988870299, 48]
[66.5, ('[0, 1, 3, 9]|TDMA|0dBm|Star', [90.2, 709.0, 30.3189411163]), 3, 761.6771988870299, 48]
[67.0, ('[0, 1, 3, 9]|TDMA|0dBm|Star', [90.2, 709.0, 30.3189411163]), 3, 761.6771988870299, 48]
[67.5, ('[0, 1, 3, 9]|TDMA|0dBm|Star', [90.2, 709.0, 30.3189411163]), 3, 761.6771988870299, 48]
[68.0, ('[0, 1, 3, 9]|TDMA|0dBm|Star', [90.2, 709.0, 30.3189411163]), 3, 761.6771988870299, 48]
[68.5, ('[0, 1, 3, 9]|TDMA|0dBm|Star', [90.2, 709.0, 30.3189411163]), 3, 761.6771988870299, 48]
[69.0, ('[0, 1, 3, 9]|TDMA|0dBm|Star', [90.2, 709.0, 30.3189411163]), 3, 761.6771988870299, 48]
[69.5, ('[0, 1, 3, 9]|TDMA|0dBm|Star', [90.2, 709.0, 30.3189411163]), 3, 761.6771988870299, 48]
[70.0, ('[0, 1, 3, 9]|TDMA|0dBm|Star', [90.2, 709.0, 30.3189411163]), 3, 761.6771988870299, 48]
[70.5, ('[0, 1, 3, 9]|TDMA|0dBm|Star', [90.2, 709.0, 30.3189411163]), 3, 761.6771988870299, 48]
[71.0, ('[0, 1, 3, 9]|TDMA|0dBm|Star', [90.2, 709.0, 30.3189411163]), 3, 761.6771988870299, 48]
[71.5, ('[0, 1, 3, 9]|TDMA|0dBm|Star', [90.2, 709.0, 30.3189411163]), 3, 761.6771988870299, 48]
[72.0, ('[0, 1, 3, 9]|TDMA|0dBm|Star', [90.2, 709.0, 30.3189411163]), 3, 761.6771988870299, 48]
[72.5, ('[0, 1, 3, 9]|TDMA|0dBm|Star', [90.2, 709.0, 30.3189411163]), 3, 761.6771988870299, 48]
[73.0, ('[0, 1, 3, 9]|TDMA|0dBm|Star', [90.2, 709.0, 30.3189411163]), 3, 761.6771988870299, 48]
[73.5, ('[0, 1, 3, 9]|TDMA|0dBm|Star', [90.2, 709.0, 30.3189411163]), 3, 761.6771988870299, 48]
[74.0, ('[0, 1, 3, 9]|TDMA|0dBm|Star', [90.2, 709.0, 30.3189411163]), 3, 761.6771988870299, 48]
[74.5, ('[0, 1, 3, 9]|TDMA|0dBm|Star', [90.2, 709.0, 30.3189411163]), 3, 761.6771988870299, 48]
[75.0, ('[0, 1, 3, 9]|TDMA|0dBm|Star', [90.2, 709.0, 30.3189411163]), 3, 761.6771988870299, 48]
[75.5, ('[0, 1, 3, 9]|TDMA|0dBm|Star', [90.2, 709.0, 30.3189411163]), 3, 761.6771988870299, 48]
[76.0, ('[0, 1, 3, 9]|TDMA|0dBm|Star', [90.2, 709.0, 30.3189411163]), 3, 761.6771988870299, 48]
[76.5, ('[0, 1, 3, 9]|TDMA|0dBm|Star', [90.2, 709.0, 30.3189411163]), 3, 761.6771988870299, 48]
[77.0, ('[0, 1, 3, 9]|TDMA|0dBm|Star', [90.2, 709.0, 30.3189411163]), 3, 761.6771988870299, 48]
[77.5, ('[0, 1, 3, 9]|TDMA|0dBm|Star', [90.2, 709.0, 30.3189411163]), 3, 761.6771988870299, 48]
[78.0, ('[0, 1, 3, 9]|TDMA|0dBm|Star', [90.2, 709.0, 30.3189411163]), 3, 761.6771988870299, 48]
[78.5, ('[0, 1, 3, 9]|TDMA|0dBm|Star', [90.2, 709.0, 30.3189411163]), 3, 761.6771988870299, 48]
[79.0, ('[0, 1, 3, 9]|TDMA|0dBm|Star', [90.2, 709.0, 30.3189411163]), 3, 761.6771988870299, 48]
[79.5, ('[0, 1, 3, 9]|TDMA|0dBm|Star', [90.2, 709.0, 30.3189411163]), 3, 761.6771988870299, 48]
[80.0, ('[0, 1, 3, 9]|TDMA|0dBm|Star', [90.2, 709.0, 30.3189411163]), 3, 761.6771988870299, 48]
[80.5, ('[0, 1, 3, 9]|TDMA|0dBm|Star', [90.2, 709.0, 30.3189411163]), 3, 761.6771988870299, 48]
[81.0, ('[0, 1, 3, 9]|TDMA|0dBm|Star', [90.2, 709.0, 30.3189411163]), 3, 761.6771988870299, 48]
[81.5, ('[0, 1, 3, 9]|TDMA|0dBm|Star', [90.2, 709.0, 30.3189411163]), 3, 761.6771988870299, 48]
[82.0, ('[0, 1, 3, 9]|TDMA|0dBm|Star', [90.2, 709.0, 30.3189411163]), 3, 761.6771988870299, 48]
[82.5, ('[0, 1, 3, 9]|TDMA|0dBm|Star', [90.2, 709.0, 30.3189411163]), 3, 761.6771988870299, 48]
[83.0, ('[0, 1, 3, 9]|TDMA|0dBm|Star', [90.2, 709.0, 30.3189411163]), 3, 761.6771988870299, 48]
[83.5, ('[0, 1, 3, 9]|TDMA|0dBm|Star', [90.2, 709.0, 30.3189411163]), 3, 761.6771988870299, 48]
[84.0, ('[0, 1, 3, 9]|TDMA|0dBm|Star', [90.2, 709.0, 30.3189411163]), 3, 761.6771988870299, 48]
[84.5, ('[0, 1, 3, 9]|TDMA|0dBm|Star', [90.2, 709.0, 30.3189411163]), 3, 761.6771988870299, 48]
[85.0, ('[0, 1, 3, 9]|TDMA|0dBm|Star', [90.2, 709.0, 30.3189411163]), 3, 761.6771988870299, 48]
[85.5, ('[0, 1, 3, 9]|TDMA|0dBm|Star', [90.2, 709.0, 30.3189411163]), 3, 761.6771988870299, 48]
[86.0, ('[0, 1, 3, 9]|TDMA|0dBm|Star', [90.2, 709.0, 30.3189411163]), 3, 761.6771988870299, 48]
[86.5, ('[0, 1, 3, 9]|TDMA|0dBm|Star', [90.2, 709.0, 30.3189411163]), 3, 761.6771988870299, 48]
[87.0, ('[0, 1, 3, 9]|TDMA|0dBm|Star', [90.2, 709.0, 30.3189411163]), 3, 761.6771988870299, 48]
[87.5, ('[0, 1, 3, 9]|TDMA|0dBm|Star', [90.2, 709.0, 30.3189411163]), 3, 761.6771988870299, 48]
[88.0, ('[0, 1, 3, 9]|TDMA|0dBm|Star', [90.2, 709.0, 30.3189411163]), 3, 761.6771988870299, 48]
[88.5, ('[0, 1, 3, 9]|TDMA|0dBm|Star', [90.2, 709.0, 30.3189411163]), 3, 761.6771988870299, 48]
[89.0, ('[0, 1, 3, 9]|TDMA|0dBm|Star', [90.2, 709.0, 30.3189411163]), 3, 761.6771988870299, 48]
[89.5, ('[0, 1, 3, 9]|TDMA|0dBm|Star', [90.2, 709.0, 30.3189411163]), 3, 761.6771988870299, 48]
[90.0, ('[0, 1, 3, 9]|TDMA|0dBm|Star', [90.2, 709.0, 30.3189411163]), 3, 761.6771988870299, 48]
[90.5, ('[0, 1, 4, 5]|CSMA|0dBm|Mesh', [98.0, 1568.0, 7.88225102425]), 12, 12646.751690863519, 708]
[91.0, ('[0, 1, 4, 5]|CSMA|0dBm|Mesh', [98.0, 1568.0, 7.88225102425]), 12, 12646.751690863519, 708]
[91.5, ('[0, 1, 4, 5]|CSMA|0dBm|Mesh', [98.0, 1568.0, 7.88225102425]), 12, 12646.751690863519, 708]
[92.0, ('[0, 1, 4, 5]|CSMA|0dBm|Mesh', [98.0, 1568.0, 7.88225102425]), 12, 12646.751690863519, 708]
[92.5, ('[0, 1, 4, 5]|CSMA|0dBm|Mesh', [98.0, 1568.0, 7.88225102425]), 12, 12646.751690863519, 708]
[93.0, ('[0, 1, 4, 5]|CSMA|0dBm|Mesh', [98.0, 1568.0, 7.88225102425]), 12, 12646.751690863519, 708]
[93.5, ('[0, 1, 4, 5]|CSMA|0dBm|Mesh', [98.0, 1568.0, 7.88225102425]), 12, 12646.751690863519, 708]
[94.0, ('[0, 1, 4, 5]|CSMA|0dBm|Mesh', [98.0, 1568.0, 7.88225102425]), 12, 12646.751690863519, 708]
[94.5, ('[0, 1, 4, 5]|CSMA|0dBm|Mesh', [98.0, 1568.0, 7.88225102425]), 12, 12646.751690863519, 708]
[95.0, ('[0, 1, 4, 5]|CSMA|0dBm|Mesh', [98.0, 1568.0, 7.88225102425]), 12, 12646.751690863519, 708]
[95.5, ('[0, 1, 4, 5]|CSMA|0dBm|Mesh', [98.0, 1568.0, 7.88225102425]), 12, 12646.751690863519, 708]
[96.0, ('[0, 1, 4, 5]|CSMA|0dBm|Mesh', [98.0, 1568.0, 7.88225102425]), 12, 12646.751690863519, 708]
[96.5, ('[0, 1, 4, 5]|CSMA|0dBm|Mesh', [98.0, 1568.0, 7.88225102425]), 12, 12646.751690863519, 708]
[97.0, ('[0, 1, 4, 5]|CSMA|0dBm|Mesh', [98.0, 1568.0, 7.88225102425]), 12, 12646.751690863519, 708]
[97.5, ('[0, 1, 4, 5]|CSMA|0dBm|Mesh', [98.0, 1568.0, 7.88225102425]), 12, 12646.751690863519, 708]
[98.0, ('[0, 1, 4, 5]|CSMA|0dBm|Mesh', [98.0, 1568.0, 7.88225102425]), 12, 12646.751690863519, 708]
[98.5, ('[0, 1, 4, 5]|TDMA|0dBm|Mesh', [99.6, 1607.0, 33.0019600391]), 12, 12646.751690863519, 708]
[99.0, ('[0, 1, 4, 5]|TDMA|0dBm|Mesh', [99.6, 1607.0, 33.0019600391]), 12, 12646.751690863519, 708]
[99.5, ('[0, 1, 4, 5]|TDMA|0dBm|Mesh', [99.6, 1607.0, 33.0019600391]), 12, 12646.751690863519, 708]
[100.0, ('[0, 1, 3, 5, 6]|TDMA|0dBm|Mesh', [100.0, 3826.0, 46.6224169731]), 15, 17892.366195916013, 924]
